,Date,Global_active_power,Global_reactive_power,Voltage,Global_intensity,Total_power_consumed
0,2006-12-16,1209.176,50.212000000000046,341733.05500000005,5180.8,14680.933333333334
1,2006-12-17,2985.47,226.006,345725.32,12375.599999999999,36946.66666666666
2,2006-12-18,2203.826,161.792,347373.64,9247.2,19028.43333333333
3,2006-12-19,1666.194,150.942,348479.01,7094.0,13131.9
4,2006-12-20,2225.748,160.998,348923.61,9313.0,20384.800000000003
5,2006-12-21,1716.624,144.166,346616.31,7238.6,13801.4
6,2006-12-22,2341.338,186.906,347305.75,9897.0,24390.300000000003
7,2006-12-23,2985.47,221.47,345795.95,12375.599999999999,61736.43333333333
8,2006-12-24,2550.012,149.9,348029.91,11002.2,28824.2
9,2006-12-25,2743.12,240.28,350495.9,11450.2,31341.666666666664
10,2006-12-26,2985.47,165.102,347940.63,12375.599999999999,46970.5
11,2006-12-27,1528.76,178.902,351025.0,6505.2,18189.33333333333
12,2006-12-28,2072.638,208.876,350306.4,8764.2,18741.966666666667
13,2006-12-29,2985.47,196.394,346854.68,12375.599999999999,35163.53333333333
14,2006-12-30,2789.302,293.95599999999996,345897.51,11924.2,23045.36666666667
15,2006-12-31,2985.47,150.852,345451.07,12375.599999999999,51387.6
16,2007-01-01,2749.004,148.166,345785.73,11400.4,39584.73333333333
17,2007-01-02,1824.76,150.264,346164.68,7678.8,15711.666666666668
18,2007-01-03,517.564,107.628,347502.82,2172.8,6330.066666666666
19,2007-01-04,2785.952,202.552,345635.26,11735.2,16893.533333333333
20,2007-01-05,1663.858,181.608,341733.05500000005,7305.6,14184.966666666667
21,2007-01-06,1044.918,143.182,341733.05500000005,4512.2,9268.3
22,2007-01-07,1026.664,172.448,345696.7,4436.2,10716.066666666666
23,2007-01-08,1060.338,142.556,341733.05500000005,4616.6,6277.299999999999
24,2007-01-09,1701.486,289.846,344672.27,7294.2,15559.1
25,2007-01-10,1720.922,146.734,344505.48,7306.2,14593.033333333333
26,2007-01-11,496.216,85.046,346951.3,2067.8,5986.266666666666
27,2007-01-12,2985.47,288.892,345983.16,12375.599999999999,24693.033333333333
28,2007-01-13,2985.47,290.736,344568.4,12375.599999999999,30991.566666666666
29,2007-01-14,2985.47,227.12,343664.64,12375.599999999999,31163.26666666667
30,2007-01-15,2148.678,174.86,347386.91,9016.6,17310.300000000003
31,2007-01-16,1686.404,185.428,348400.45,7165.4,18816.733333333334
32,2007-01-17,2847.688,200.752,347047.56,11928.8,22160.466666666667
33,2007-01-18,1821.462,177.712,346886.78,7693.2,16530.7
34,2007-01-19,1480.44,170.052,345831.76,6301.8,15069.0
35,2007-01-20,2985.47,238.362,343969.16,12375.599999999999,31242.86666666667
36,2007-01-21,2985.47,229.736,344114.09,12375.599999999999,29275.7
37,2007-01-22,2180.494,168.642,347908.51,9151.6,20943.566666666666
38,2007-01-23,1777.64,138.28,349578.08,7575.6,23502.33333333333
39,2007-01-24,2985.47,178.06,347699.08,12375.599999999999,32109.566666666666
40,2007-01-25,1596.344,144.16,350531.08,6666.2,13946.733333333334
41,2007-01-26,1617.972,142.902,349591.38,6798.8,17304.2
42,2007-01-27,2044.072,148.242,347927.86,8567.8,16627.86666666667
43,2007-01-28,2985.47,153.352,345798.59,12375.599999999999,31995.4
44,2007-01-29,1982.664,165.696,346938.62,8336.0,16373.4
45,2007-01-30,1707.798,180.934,348250.86,7240.6,17767.3
46,2007-01-31,2363.752,185.988,345486.43,9970.0,18393.86666666667
47,2007-02-01,1269.236,190.342,348399.04,5348.2,14243.933333333334
48,2007-02-02,1667.736,139.542,346081.52,7014.0,16101.6
49,2007-02-03,515.688,107.008,346451.9,2169.8,6285.799999999999
50,2007-02-04,1960.778,174.336,346262.57,8226.2,13313.633333333337
51,2007-02-05,1003.486,160.092,341733.05500000005,4523.8,11473.766666666666
52,2007-02-06,1484.362,166.108,341733.05500000005,6442.6,11885.366666666663
53,2007-02-07,967.032,176.924,346567.41,4216.0,6373.200000000001
54,2007-02-08,1019.416,144.954,341733.05500000005,4445.4,9639.266666666666
55,2007-02-09,1662.468,231.598,345665.28,7224.8,13671.8
56,2007-02-10,2198.864,161.828,343431.06,9322.6,15302.73333333333
57,2007-02-11,1443.602,93.362,344662.54,6051.8,8354.033333333333
58,2007-02-12,2946.188,293.95599999999996,346651.21,12375.599999999999,29462.13333333333
59,2007-02-13,1414.546,134.678,347280.27,5967.0,14491.766666666666
60,2007-02-14,2498.672,202.506,346140.56,10533.8,22977.533333333333
61,2007-02-15,1985.346,165.964,346563.68,8381.2,16698.1
62,2007-02-16,1702.528,151.686,346782.16,7267.0,17679.466666666667
63,2007-02-17,2076.912,238.968,344615.09,8826.0,23467.2
64,2007-02-18,2985.47,255.522,344405.96,12375.599999999999,36590.36666666667
65,2007-02-19,2186.614,176.584,345297.0,9276.8,18824.566666666666
66,2007-02-20,2985.47,187.158,345406.24,12375.599999999999,35536.8
67,2007-02-21,2072.874,189.87,346263.79,8747.2,17140.899999999994
68,2007-02-22,2985.47,137.954,343140.65,12375.599999999999,38368.96666666667
69,2007-02-23,1313.48,149.344,346587.79,5508.6,10602.333333333332
70,2007-02-24,714.922,122.202,345402.87,3003.6,7990.366666666667
71,2007-02-25,501.74,113.736,348021.43,2105.6,6373.333333333334
72,2007-02-26,568.484,108.28,347433.97,2388.8,6313.733333333334
73,2007-02-27,518.112,113.204,349839.75,2195.4,6397.199999999999
74,2007-02-28,520.774,113.372,348709.81,2201.0,6366.566666666668
75,2007-03-01,1014.054,196.728,350722.21,4340.2,11791.9
76,2007-03-02,2985.47,245.824,344030.68,12375.599999999999,40009.03333333334
77,2007-03-03,819.122,134.992,347454.84,3457.6,8708.033333333333
78,2007-03-04,1642.82,168.76,346327.14,6978.6,15071.333333333332
79,2007-03-05,1090.238,150.942,341733.05500000005,4763.0,6703.633333333335
80,2007-03-06,2108.026,182.458,341733.05500000005,9148.2,14285.76666666667
81,2007-03-07,1059.912,180.338,345869.19,4652.2,9289.2
82,2007-03-08,1063.364,125.388,341733.05500000005,4618.4,7625.733333333334
83,2007-03-09,1038.922,188.422,345053.3,4508.2,8856.366666666665
84,2007-03-10,1280.454,157.738,344535.94,5472.0,11645.9
85,2007-03-11,492.55,88.124,345874.33,2065.4,5991.166666666666
86,2007-03-12,1762.06,131.914,347154.61,7438.4,17499.666666666668
87,2007-03-13,1290.144,126.718,346893.07,5480.2,10970.4
88,2007-03-14,1793.364,157.522,346719.3,7585.2,17317.4
89,2007-03-15,1884.814,159.326,346003.91,7953.4,17114.566666666666
90,2007-03-16,1702.054,130.208,344919.07,7189.0,17287.566666666666
91,2007-03-17,2028.09,127.068,343043.5,8562.4,18959.5
92,2007-03-18,2371.046,241.45,347108.86,10091.4,19728.43333333333
93,2007-03-19,2152.518,144.764,346315.81,9046.0,17423.300000000003
94,2007-03-20,2086.228,164.87,346774.52,8857.8,16933.466666666667
95,2007-03-21,2142.092,142.83,347020.77,8981.6,17368.533333333333
96,2007-03-22,1454.978,113.826,348139.48,6081.2,12698.633333333337
97,2007-03-23,1309.008,119.488,347969.49,5477.4,11543.8
98,2007-03-24,2968.43,191.024,345174.44,12375.599999999999,23587.833333333336
99,2007-03-25,2985.47,235.972,345407.14,12375.599999999999,38014.066666666666
100,2007-03-26,1416.082,160.966,347525.01,6023.6,13073.366666666663
101,2007-03-27,1105.14,151.726,346466.85,4747.0,11703.0
102,2007-03-28,2333.898,196.518,346240.24,9870.6,15361.300000000005
103,2007-03-29,1590.406,198.696,346372.83,6734.6,14160.766666666666
104,2007-03-30,1402.394,181.128,347096.49,6033.0,13594.233333333334
105,2007-03-31,2985.47,231.504,344535.51,12375.599999999999,30482.833333333336
106,2007-04-01,2985.47,202.302,345240.43,12375.599999999999,34779.53333333333
107,2007-04-02,2985.47,186.494,345072.0,12375.599999999999,37472.333333333336
108,2007-04-03,2090.7,175.682,345642.91,8867.8,15249.999999999993
109,2007-04-04,2051.868,172.318,346077.77,8620.2,15595.800000000005
110,2007-04-05,998.128,174.74,341733.05500000005,4432.4,9848.466666666667
111,2007-04-06,911.618,223.192,341733.05500000005,4064.0,8239.633333333333
112,2007-04-07,1003.41,253.334,346549.87,4457.4,6544.5
113,2007-04-08,1144.99,139.226,341733.05500000005,4971.4,10167.166666666668
114,2007-04-09,1584.944,179.626,345109.92,6848.6,10165.733333333334
115,2007-04-10,1518.458,138.448,344455.31,6414.6,12753.633333333337
116,2007-04-11,1485.686,138.802,345895.95,6313.0,13306.433333333334
117,2007-04-12,2067.636,145.016,347811.81,8705.0,19059.6
118,2007-04-13,551.022,151.64,345672.7,2366.4,6637.700000000001
119,2007-04-14,554.268,155.61,346050.93,2378.0,6651.799999999999
120,2007-04-15,726.164,171.544,345940.83,3148.6,8183.733333333334
121,2007-04-16,952.39,186.074,346546.28,4136.4,8960.166666666666
122,2007-04-17,1223.734,218.354,345881.76,5314.8,12275.566666666666
123,2007-04-18,998.246,165.224,345811.36,4313.4,11273.433333333334
124,2007-04-19,1028.658,149.66,346218.97,4400.4,9058.3
125,2007-04-20,822.58,145.64600000000002,345791.37,3592.6,8781.666666666666
126,2007-04-21,1673.656,212.658,344467.06,7251.4,9727.266666666666
127,2007-04-22,2233.714,267.194,345036.79,9631.4,19575.566666666666
128,2007-04-23,1054.566,135.64,341733.05500000005,4700.4,9663.1
129,2007-04-24,1032.1,135.264,341733.05500000005,4528.6,8869.666666666664
130,2007-04-25,1264.162,164.736,341733.05500000005,5555.6,10788.366666666663
131,2007-04-26,1275.466,163.606,341733.05500000005,5650.2,10925.766666666666
132,2007-04-27,1094.332,161.928,341733.05500000005,4770.0,11165.866666666663
133,2007-04-28,73.83800000000019,50.212000000000046,341733.05500000005,612.4000000000015,360.9666666666666
134,2007-04-30,420.822,71.718,341733.05500000005,1865.8,4168.7
135,2007-05-01,2713.364,173.154,346313.9,11354.6,35758.73333333333
136,2007-05-02,1645.28,147.228,346766.85,6941.4,16112.333333333332
137,2007-05-03,2660.332,205.956,345644.51,11290.0,16476.86666666667
138,2007-05-04,1844.078,244.538,347289.27,7907.8,14848.633333333337
139,2007-05-05,1563.052,174.102,341733.05500000005,6820.0,9341.866666666663
140,2007-05-06,1458.892,255.692,341733.05500000005,6429.8,12355.866666666663
141,2007-05-07,1057.29,246.716,346240.0,4655.8,9956.5
142,2007-05-08,787.098,151.254,341733.05500000005,3509.0,6302.299999999999
143,2007-05-09,1236.572,148.864,344373.35,5324.6,9760.533333333333
144,2007-05-10,1394.092,150.636,343911.04,5889.2,13458.866666666663
145,2007-05-11,1500.592,131.35,345109.12,6330.6,16764.866666666665
146,2007-05-12,2153.12,178.398,347368.15,9141.4,21249.333333333336
147,2007-05-13,1634.738,220.67,341733.05500000005,7155.6,12261.633333333337
148,2007-05-14,1467.782,293.95599999999996,341733.05500000005,6586.8,13353.033333333333
149,2007-05-15,904.392,111.182,341733.05500000005,3936.0,9347.2
150,2007-05-16,1692.944,135.894,341733.05500000005,7303.4,11169.733333333334
151,2007-05-17,1231.816,131.188,341733.05500000005,5358.2,9756.266666666666
152,2007-05-18,1631.53,171.258,341733.05500000005,7022.4,11893.166666666668
153,2007-05-19,1429.442,167.858,341733.05500000005,6219.8,11589.033333333333
154,2007-05-20,1968.328,187.532,341733.05500000005,8555.8,18041.466666666667
155,2007-05-21,1120.062,117.28,341733.05500000005,4807.6,9139.7
156,2007-05-22,1132.852,128.916,341733.05500000005,4895.8,9999.866666666663
157,2007-05-23,1464.936,165.878,341733.05500000005,6332.4,11548.6
158,2007-05-24,1154.388,135.56,341733.05500000005,4985.4,9422.8
159,2007-05-25,1614.22,174.588,341733.05500000005,7003.4,11718.666666666668
160,2007-05-26,1512.248,174.24,341733.05500000005,6570.4,11449.133333333337
161,2007-05-27,2153.808,219.894,341733.05500000005,9369.4,15552.800000000005
162,2007-05-28,1637.468,151.1,341733.05500000005,7087.6,12678.133333333337
163,2007-05-29,1061.34,113.244,341733.05500000005,4618.4,11450.0
164,2007-05-30,1609.866,147.058,341733.05500000005,6953.0,10829.1
165,2007-05-31,938.55,129.586,341733.05500000005,4020.2,10678.5
166,2007-06-01,1508.378,192.188,345129.2,6543.2,17723.633333333335
167,2007-06-02,1273.48,142.566,347420.39,5431.6,15117.666666666668
168,2007-06-03,1246.5,186.148,347022.82,5321.8,14335.0
169,2007-06-04,1601.14,143.214,347305.61,6751.6,12053.666666666668
170,2007-06-05,2102.104,182.336,341733.05500000005,9229.0,20776.066666666666
171,2007-06-06,1693.638,231.06,341733.05500000005,7351.6,12406.3
172,2007-06-07,1069.524,219.35,346463.21,4706.8,7431.4000000000015
173,2007-06-08,1089.72,154.434,341733.05500000005,4776.6,9081.0
174,2007-06-09,901.474,172.026,344649.67,3963.2,7675.5666666666675
175,2007-06-10,1756.24,186.192,343268.23,7441.4,14417.666666666668
176,2007-06-11,2082.378,200.526,343730.82,8855.8,17396.300000000003
177,2007-06-12,2487.934,161.936,345182.54,10566.6,24488.566666666666
178,2007-06-13,927.272,208.26,346172.55,4057.2,8424.533333333333
179,2007-06-14,1259.084,231.696,345380.81,5448.0,8461.733333333334
180,2007-06-15,989.604,251.762,346268.71,4415.4,5666.4000000000015
181,2007-06-16,2017.762,293.95599999999996,344882.44,8604.0,14734.366666666669
182,2007-06-17,1947.09,239.814,345915.62,8307.8,14555.5
183,2007-06-18,678.474,180.81,346717.73,2993.4,6537.9
184,2007-06-19,842.36,187.986,345507.19,3682.4,8174.333333333334
185,2007-06-20,1074.286,227.302,345824.88,4761.8,8449.766666666666
186,2007-06-21,806.946,222.546,346427.92,3601.2,6406.1
187,2007-06-22,566.294,208.526,346803.31,2602.6,5005.233333333334
188,2007-06-23,477.566,193.12,346059.31,2211.4,4771.433333333334
189,2007-06-24,714.656,179.362,347230.39,3179.0,7670.933333333332
190,2007-06-25,1072.202,197.27,346208.06,4680.0,7448.033333333333
191,2007-06-26,944.908,182.42,345736.09,4143.0,8212.466666666667
192,2007-06-27,1480.826,206.998,345252.11,6378.0,8356.433333333334
193,2007-06-28,1295.438,217.446,344770.08,5601.0,7681.633333333335
194,2007-06-29,1304.198,206.194,345622.33,5673.2,9909.633333333337
195,2007-06-30,1335.314,188.354,345616.72,5719.0,10038.233333333334
196,2007-07-01,2447.62,246.074,346899.58,10487.0,17819.666666666664
197,2007-07-02,2328.018,177.708,347255.56,9780.0,20002.300000000003
198,2007-07-03,2375.206,171.2,346065.93,9986.4,18236.76666666667
199,2007-07-04,1553.924,138.73,346145.17,6573.0,15737.733333333334
200,2007-07-05,1643.664,168.918,341733.05500000005,7172.6,12080.4
201,2007-07-06,985.002,172.334,341733.05500000005,4294.6,10773.7
202,2007-07-07,1358.206,214.044,345470.6,5810.2,8415.766666666666
203,2007-07-08,1483.58,131.182,341733.05500000005,6373.4,13079.333333333332
204,2007-07-09,1336.496,181.738,344205.65,5770.4,8703.933333333334
205,2007-07-10,2106.114,153.178,343909.84,8939.4,13462.9
206,2007-07-11,1844.758,193.52,344973.47,7892.8,19028.966666666667
207,2007-07-12,1769.016,147.64,346566.31,7427.4,15051.6
208,2007-07-13,794.382,206.694,346830.92,3529.2,8179.700000000001
209,2007-07-14,1288.17,258.45,347460.31,5607.4,9122.5
210,2007-07-15,917.024,233.182,341733.05500000005,4050.0,8204.733333333334
211,2007-07-16,853.674,233.96,341733.05500000005,3831.2,8526.9
212,2007-07-17,719.632,176.088,341733.05500000005,3277.8,7116.866666666667
213,2007-07-18,757.082,156.514,341733.05500000005,3437.0,6410.033333333333
214,2007-07-19,677.886,187.012,341733.05500000005,3087.2,6397.1
215,2007-07-20,1110.422,223.118,341733.05500000005,4970.4,9213.033333333333
216,2007-07-21,1060.248,236.158,341733.05500000005,4739.8,8974.8
217,2007-07-22,1375.774,218.246,341733.05500000005,6082.0,8139.566666666666
218,2007-07-23,991.018,143.77,341733.05500000005,4429.4,9634.966666666667
219,2007-07-24,825.284,112.81,341733.05500000005,3673.4,6548.733333333334
220,2007-07-25,472.56,108.234,341733.05500000005,2130.2,5392.0
221,2007-07-26,924.5,115.092,341733.05500000005,4087.0,6454.333333333334
222,2007-07-27,1202.514,120.456,341733.05500000005,5217.6,10998.9
223,2007-07-28,1621.862,178.73,341733.05500000005,7116.0,9300.033333333333
224,2007-07-29,321.116,118.576,341733.05500000005,1488.2,4063.933333333333
225,2007-07-30,466.816,129.492,341733.05500000005,2112.8,5252.266666666666
226,2007-07-31,812.332,145.786,341733.05500000005,3603.6,6686.866666666667
227,2007-08-01,2241.36,207.568,344990.81,9434.4,19342.0
228,2007-08-02,1801.414,138.896,348188.12,7557.6,17274.566666666666
229,2007-08-03,1572.132,187.404,346558.21,6717.8,13982.2
230,2007-08-04,1608.816,135.882,346102.82,6796.6,22783.6
231,2007-08-05,1789.292,181.612,341733.05500000005,7713.2,14452.533333333333
232,2007-08-06,2148.046,229.732,341733.05500000005,9285.4,10181.76666666667
233,2007-08-07,1089.08,196.92,346088.01,4736.6,8218.333333333332
234,2007-08-08,1125.482,119.096,341733.05500000005,4868.0,6932.033333333333
235,2007-08-09,1469.752,186.33,345211.84,6324.4,10191.866666666663
236,2007-08-10,1095.242,121.896,344299.03,4652.8,12752.033333333333
237,2007-08-11,1501.06,134.698,346683.81,6386.4,16488.666666666668
238,2007-08-12,2213.404,154.34,344966.3,9371.6,21120.066666666666
239,2007-08-13,1153.012,130.94,341733.05500000005,4966.2,7546.866666666665
240,2007-08-14,941.19,132.01,341733.05500000005,4110.0,7794.499999999998
241,2007-08-15,1191.86,159.764,345590.51,5100.6,9231.333333333332
242,2007-08-16,958.496,131.532,345222.23,4095.2,7536.933333333332
243,2007-08-17,1009.892,127.388,346311.43,4293.4,8818.533333333333
244,2007-08-18,347.96,119.24,347442.67,1553.6,3969.333333333333
245,2007-08-19,1422.294,160.018,345533.28,6137.2,7778.9000000000015
246,2007-08-20,1338.842,155.88,347473.0,5707.2,6934.033333333333
247,2007-08-21,642.556,157.308,346425.2,2824.0,7375.266666666666
248,2007-08-22,1209.808,154.288,346776.94,5142.6,8038.466666666667
249,2007-08-23,1112.312,157.954,346532.12,4795.6,10435.533333333333
250,2007-08-24,1656.214,262.692,346071.79,7106.6,11986.566666666666
251,2007-08-25,1150.88,272.548,345398.15,5117.4,7163.333333333332
252,2007-08-26,1314.906,293.95599999999996,345529.32,5778.2,11071.1
253,2007-08-27,1211.73,293.95599999999996,345489.96,5315.4,10317.5
254,2007-08-28,997.004,181.114,344951.82,4314.4,7627.733333333334
255,2007-08-29,747.992,175.426,346672.79,3282.6,6015.533333333333
256,2007-08-30,1202.458,191.048,346425.37,5190.2,9417.966666666667
257,2007-08-31,1279.822,187.256,345579.41,5455.4,10726.366666666663
258,2007-09-01,1869.054,207.248,346302.03,7950.4,15405.9
259,2007-09-02,1620.198,158.066,348106.24,6807.2,14188.3
260,2007-09-03,1272.612,119.238,346879.39,5373.0,11141.2
261,2007-09-04,1000.92,160.11,346392.7,4283.4,9700.0
262,2007-09-05,1665.736,183.484,341733.05500000005,7280.8,9639.266666666666
263,2007-09-06,1059.814,226.656,341733.05500000005,4565.2,9625.566666666666
264,2007-09-07,1180.158,172.422,346489.41,5063.4,8766.3
265,2007-09-08,1071.68,109.474,341733.05500000005,4712.2,6518.333333333332
266,2007-09-09,1679.502,209.152,344047.89,7277.8,12136.7
267,2007-09-10,1687.858,159.802,343985.97,7174.6,14659.966666666667
268,2007-09-11,2171.226,113.242,343750.23,9168.8,16239.1
269,2007-09-12,2274.584,200.936,345477.71,9650.2,22577.73333333333
270,2007-09-13,1146.382,165.958,344606.16,4988.8,11555.366666666663
271,2007-09-14,1135.47,183.126,344594.73,4960.4,11543.5
272,2007-09-15,1095.312,184.466,345602.84,4720.6,10342.2
273,2007-09-16,1652.224,192.352,344967.07,7151.4,12045.066666666666
274,2007-09-17,1461.186,202.314,344469.31,6355.4,10497.1
275,2007-09-18,1167.52,147.132,343095.37,5058.4,10116.666666666668
276,2007-09-19,1298.684,151.794,346039.5,5592.0,10964.733333333334
277,2007-09-20,1255.532,132.908,345189.58,5358.2,9384.533333333333
278,2007-09-21,1238.78,152.834,344709.31,5375.0,8455.333333333332
279,2007-09-22,1176.172,183.432,344855.57,5061.8,9659.866666666663
280,2007-09-23,1417.97,242.974,344880.62,6163.2,11490.833333333332
281,2007-09-24,1354.53,197.624,343584.87,5873.4,9756.5
282,2007-09-25,1764.342,130.078,342863.44,7497.2,16416.7
283,2007-09-26,1822.264,168.628,344292.53,7732.2,14237.066666666666
284,2007-09-27,1392.6,150.71,344976.56,5872.0,14177.0
285,2007-09-28,1680.498,222.718,344825.9,7191.6,13338.3
286,2007-09-29,2296.522,182.122,344361.76,9782.2,18543.36666666667
287,2007-09-30,1516.29,163.588,345693.29,6411.6,13059.5
288,2007-10-01,2154.8,228.452,347079.53,9155.2,19674.333333333336
289,2007-10-02,2829.328,192.974,345653.03,11957.4,24848.466666666667
290,2007-10-03,2484.712,243.528,345316.08,10572.4,20880.86666666667
291,2007-10-04,777.364,148.94,346771.73,3380.2,9433.066666666668
292,2007-10-05,707.884,168.314,341733.05500000005,3177.8,7057.066666666668
293,2007-10-06,1340.812,239.092,346815.77,5768.2,10237.866666666663
294,2007-10-07,908.324,176.244,345575.6,4012.0,8213.733333333334
295,2007-10-08,1028.01,117.656,341733.05500000005,4506.8,5859.5
296,2007-10-09,1117.376,177.498,344719.67,4843.8,11479.933333333334
297,2007-10-10,1166.972,132.752,344766.47,5023.6,12124.533333333333
298,2007-10-11,2611.6,237.652,344318.99,11098.0,25758.666666666664
299,2007-10-12,1758.754,125.012,348341.52,7451.4,19651.566666666666
300,2007-10-13,1926.728,125.204,343822.19,8209.0,18881.13333333333
301,2007-10-14,2061.252,150.05,344305.49,8753.4,16804.199999999997
302,2007-10-15,1266.33,118.182,344581.5,5359.6,12051.5
303,2007-10-16,1964.442,185.414,343962.17,8385.4,14993.7
304,2007-10-17,1576.93,136.4,344436.67,6677.2,15796.166666666668
305,2007-10-18,1518.53,122.5,345312.41,6384.6,13965.833333333332
306,2007-10-19,2085.648,121.478,345099.13,8788.6,18689.800000000003
307,2007-10-20,1660.246,139.544,348227.74,6933.2,11786.766666666666
308,2007-10-21,1941.94,154.028,347746.67,8210.4,16983.666666666668
309,2007-10-22,1652.896,116.41,346385.38,6920.4,14222.266666666666
310,2007-10-23,1954.648,127.484,346891.41,8214.0,15644.466666666667
311,2007-10-24,1865.636,146.782,346763.91,7881.4,17155.933333333334
312,2007-10-25,1853.918,132.2,346280.59,7795.6,19602.63333333333
313,2007-10-26,1437.568,109.676,346580.43,6286.8,17845.466666666667
314,2007-10-27,1785.688,109.186,345889.74,7645.2,14582.466666666667
315,2007-10-28,512.158,92.298,346847.12,2138.8,6487.966666666667
316,2007-10-29,545.428,86.998,347318.36,2267.2,6072.466666666667
317,2007-10-30,811.008,89.84,346501.33,3386.0,7325.799999999999
318,2007-10-31,1283.21,107.2,346088.13,5389.0,7771.833333333332
319,2007-11-01,2255.194,230.02,347264.19,9588.0,21623.566666666666
320,2007-11-02,2985.47,204.314,344888.85,12375.599999999999,39211.46666666667
321,2007-11-03,2985.47,173.374,345610.5,12375.599999999999,40280.6
322,2007-11-04,887.482,192.446,347262.95,3771.0,7258.366666666667
323,2007-11-05,979.154,132.096,341733.05500000005,4359.8,8431.233333333334
324,2007-11-06,794.654,194.634,346833.72,3481.8,7429.233333333334
325,2007-11-07,722.352,153.856,347083.25,3167.2,5093.200000000001
326,2007-11-08,1091.65,115.77,341733.05500000005,4731.4,5765.166666666668
327,2007-11-09,983.572,151.764,345703.67,4251.0,9107.866666666663
328,2007-11-10,1732.446,153.108,343359.58,7357.0,18024.1
329,2007-11-11,1887.124,185.61,345974.78,7978.4,21663.066666666666
330,2007-11-12,2305.104,133.698,347702.74,9665.6,20811.4
331,2007-11-13,2214.398,140.952,347217.09,9293.0,19919.63333333333
332,2007-11-14,2047.994,141.59,345522.28,8554.6,16438.23333333333
333,2007-11-15,1491.988,133.066,345578.39,6330.8,15186.466666666667
334,2007-11-16,2309.754,123.978,347016.26,9674.0,18280.9
335,2007-11-17,2610.094,168.03,346468.93,10942.4,23724.566666666666
336,2007-11-18,2183.858,161.762,348855.06,9140.6,22033.63333333333
337,2007-11-19,1723.654,112.03,349583.55,7209.0,16635.566666666666
338,2007-11-20,2095.856,124.832,347527.91,8770.2,18935.93333333333
339,2007-11-21,1751.836,131.48,347513.84,7360.4,18054.266666666663
340,2007-11-22,1932.378,143.108,347853.67,8145.0,20041.3
341,2007-11-23,2522.618,138.912,346640.21,10570.6,20009.63333333333
342,2007-11-24,1899.054,150.512,348195.95,7938.2,12495.9
343,2007-11-25,1395.598,122.776,349432.07,5884.8,13746.966666666667
344,2007-11-26,1569.716,117.05,347207.75,6626.0,15859.933333333334
345,2007-11-27,2801.012,139.994,347502.38,11745.0,19489.533333333333
346,2007-11-28,1644.94,115.442,349768.52,6876.8,17654.666666666668
347,2007-11-29,1719.23,118.71,349289.97,7221.6,17521.833333333332
348,2007-11-30,2331.728,147.28,350622.36,9730.4,17320.13333333333
349,2007-12-01,1461.296,199.14,347815.02,6205.2,15639.933333333334
350,2007-12-02,1877.61,136.704,345741.84,7925.0,17150.5
351,2007-12-03,1950.668,134.422,346404.55,8249.0,15914.133333333337
352,2007-12-04,537.706,147.812,345968.73,2301.0,6602.766666666666
353,2007-12-05,1441.566,209.172,341733.05500000005,6279.2,10296.1
354,2007-12-06,918.766,216.416,345923.85,4116.4,9057.766666666666
355,2007-12-07,1069.582,209.098,346701.05,4656.4,7828.366666666665
356,2007-12-08,1241.904,127.776,341733.05500000005,5389.6,9837.4
357,2007-12-09,1287.764,171.794,345621.68,5558.4,10490.733333333334
358,2007-12-10,1914.504,137.984,343413.09,8160.6,14201.4
359,2007-12-11,2156.146,137.468,345348.85,9031.6,17471.76666666667
360,2007-12-12,1588.062,116.886,349165.91,6611.2,17302.7
361,2007-12-13,1847.746,111.49,348231.37,7804.2,19333.766666666663
362,2007-12-14,1974.808,179.55,348459.73,8291.2,15143.466666666667
363,2007-12-15,2736.876,157.626,347444.13,11491.2,25908.6
364,2007-12-16,2762.218,126.938,349466.38,11508.8,27416.966666666667
365,2007-12-17,1797.066,105.098,349138.46,7467.6,17505.1
366,2007-12-18,2623.194,144.08,349833.58,10947.0,25693.9
367,2007-12-19,2196.052,109.336,349489.58,9121.6,21030.86666666667
368,2007-12-20,1949.758,119.434,350161.83,8083.2,16768.966666666667
369,2007-12-21,1982.576,106.47,349749.55,8227.8,19400.93333333333
370,2007-12-22,2611.264,141.314,348689.57,10934.6,22479.066666666666
371,2007-12-23,2409.048,176.272,349283.43,10055.2,23126.800000000003
372,2007-12-24,2257.848,149.754,349416.61,9431.6,17979.800000000003
373,2007-12-25,2694.968,151.812,349892.45,11219.0,27876.13333333333
374,2007-12-26,2580.28,140.314,349045.05,10693.6,29642.666666666664
375,2007-12-27,2532.198,190.582,348640.72,10650.0,28631.300000000003
376,2007-12-28,2985.47,206.8,348889.65,12375.599999999999,25527.2
377,2007-12-29,2985.47,199.892,346392.96,12375.599999999999,32806.6
378,2007-12-30,2558.916,178.436,348622.81,10750.6,21971.6
379,2007-12-31,2216.542,145.536,347176.5,9295.2,19414.36666666667
380,2008-01-01,2759.738,142.508,347092.81,11489.2,28440.63333333333
381,2008-01-02,1534.652,179.25,346118.79,6505.4,17720.533333333333
382,2008-01-03,1141.876,105.158,344781.38,4719.8,15020.266666666666
383,2008-01-04,2129.052,170.396,347926.76,8931.6,13233.199999999995
384,2008-01-05,576.014,150.696,347682.62,2451.4,6484.233333333334
385,2008-01-06,1848.876,225.34,346497.38,7809.4,17056.6
386,2008-01-07,1215.24,277.788,344938.02,5385.6,7812.0
387,2008-01-08,739.576,252.704,345319.83,3352.2,5499.266666666666
388,2008-01-09,1247.51,184.486,345478.91,5374.8,9137.833333333332
389,2008-01-10,1872.364,181.256,347225.2,7894.2,12349.066666666666
390,2008-01-11,830.498,113.672,348206.74,3781.0,11558.633333333331
391,2008-01-12,1616.538,118.678,350562.01,6852.2,16535.3
392,2008-01-13,2881.656,144.278,345001.97,12158.6,31820.6
393,2008-01-14,2024.932,120.11,346030.57,8661.0,17753.86666666667
394,2008-01-15,2686.912,113.144,346621.66,11363.4,22604.86666666667
395,2008-01-16,2135.852,128.93,346207.89,9100.2,21614.533333333333
396,2008-01-17,1572.282,116.718,347944.31,6688.8,16190.7
397,2008-01-18,2186.988,119.29,345503.42,9262.4,19586.800000000003
398,2008-01-19,1980.306,134.982,345032.53,8393.6,16415.1
399,2008-01-20,1740.368,138.614,345520.14,7414.4,21911.13333333333
400,2008-01-21,1858.998,122.4,344973.24,7947.4,20160.3
401,2008-01-22,2325.018,143.462,345736.48,9977.4,18888.300000000003
402,2008-01-23,1882.308,107.984,346906.15,7949.2,16509.8
403,2008-01-24,1645.022,104.306,346722.09,7038.6,20055.033333333333
404,2008-01-25,2239.856,119.626,346615.84,9423.4,23500.93333333333
405,2008-01-26,2834.988,168.422,345254.7,12048.0,26407.800000000003
406,2008-01-27,2381.766,140.758,347477.29,10058.2,24786.1
407,2008-01-28,2308.196,107.836,346272.16,9748.2,24255.93333333333
408,2008-01-29,2676.024,117.176,346497.27,11292.8,25837.4
409,2008-01-30,1640.646,116.47,347925.1,6950.0,19822.1
410,2008-01-31,1953.922,137.576,348315.48,8342.4,21696.366666666665
411,2008-02-01,1644.106,111.666,349081.13,6869.4,15320.766666666666
412,2008-02-02,2936.034,230.968,345778.05,12375.599999999999,24734.9
413,2008-02-03,1162.226,144.71,345234.59,4932.0,11561.433333333334
414,2008-02-04,1691.672,142.54,343680.71,7211.0,15425.533333333333
415,2008-02-05,1497.768,205.568,347974.48,6304.0,12577.8
416,2008-02-06,1074.012,165.158,341733.05500000005,4634.0,10041.2
417,2008-02-07,1147.202,266.538,344105.25,5140.2,10506.033333333333
418,2008-02-08,505.776,178.294,344345.37,2286.6,4122.6
419,2008-02-09,1384.154,224.634,344633.71,5963.8,10942.233333333334
420,2008-02-10,1345.342,153.676,346072.67,5686.0,12995.366666666663
421,2008-02-11,910.614,120.472,348704.27,4124.2,12006.9
422,2008-02-12,1793.444,145.908,350466.29,7509.8,18243.733333333334
423,2008-02-13,1900.498,128.478,347332.46,8035.4,17961.966666666667
424,2008-02-14,1604.622,113.646,346701.34,6744.6,15853.7
425,2008-02-15,2005.208,107.952,348322.47,8325.0,17171.13333333333
426,2008-02-16,2346.948,138.994,347166.08,9927.2,24080.800000000003
427,2008-02-17,1933.368,120.076,349156.56,8142.4,20734.8
428,2008-02-18,1514.404,101.972,348572.06,6301.8,14644.066666666666
429,2008-02-19,2126.916,137.568,347054.59,8956.4,17656.6
430,2008-02-20,2253.79,190.268,348004.35,9516.0,20688.166666666664
431,2008-02-21,1633.85,112.274,346680.56,6895.4,18400.83333333333
432,2008-02-22,1732.564,121.688,347667.5,7279.6,15623.066666666666
433,2008-02-23,1833.97,132.504,344649.26,7781.8,16592.166666666668
434,2008-02-24,1263.008,107.332,346144.03,5240.0,8517.133333333335
435,2008-02-25,504.488,91.72,345277.45,2096.0,6231.133333333333
436,2008-02-26,507.12,84.59,344927.99,2101.0,6144.0
437,2008-02-27,566.72,86.168,344957.79,2353.2,6150.333333333334
438,2008-02-28,509.184,83.248,345318.15,2112.4,6177.4
439,2008-02-29,1333.348,88.948,342775.43,5576.6,10387.466666666667
440,2008-03-01,1510.108,121.182,350031.54,6338.4,16521.466666666667
441,2008-03-02,2084.568,153.708,346090.64,8835.4,19536.800000000003
442,2008-03-03,1040.55,114.334,346106.86,4287.6,13380.5
443,2008-03-04,1128.756,121.236,346599.71,4724.4,11489.6
444,2008-03-05,1289.6,202.004,346800.51,5473.4,13421.333333333332
445,2008-03-06,1597.816,173.938,341733.05500000005,6975.6,11860.266666666666
446,2008-03-07,1098.36,213.748,345075.11,4814.2,7369.0
447,2008-03-08,504.782,166.052,341733.05500000005,2270.4,3988.033333333333
448,2008-03-09,1388.486,179.288,345642.42,5930.8,9700.433333333334
449,2008-03-10,1612.58,158.598,345372.49,6833.8,12294.333333333332
450,2008-03-11,847.6,115.248,348141.77,3837.6,10924.666666666666
451,2008-03-12,1755.164,124.722,350472.57,7300.2,18149.733333333334
452,2008-03-13,1675.514,128.474,346755.78,7116.0,15608.233333333334
453,2008-03-14,2210.22,159.748,346503.41,9282.6,17500.0
454,2008-03-15,1576.3,154.412,345885.11,6697.0,17309.666666666668
455,2008-03-16,1801.96,173.652,347464.32,7629.6,15786.666666666668
456,2008-03-17,1706.918,175.274,346759.53,7210.0,12215.63333333334
457,2008-03-18,1917.566,147.44,348377.74,8023.6,14240.433333333334
458,2008-03-19,1308.448,142.498,349059.19,5508.8,13132.466666666667
459,2008-03-20,1253.274,120.854,348138.12,5269.8,12632.9
460,2008-03-21,2066.442,223.824,347572.67,8695.0,14216.699999999995
461,2008-03-22,2053.516,185.68,347921.5,8669.2,17910.26666666667
462,2008-03-23,2325.99,152.446,349419.78,9778.4,16497.5
463,2008-03-24,1974.668,131.05,349255.74,8285.6,18784.13333333334
464,2008-03-25,2015.856,127.832,348679.03,8453.6,14180.6
465,2008-03-26,1633.472,133.598,349646.11,6858.8,13299.533333333333
466,2008-03-27,1370.822,116.44,348617.58,5703.6,13469.033333333333
467,2008-03-28,1885.424,137.64,348945.61,7889.8,13912.733333333334
468,2008-03-29,2471.15,175.068,347405.11,10381.4,18417.833333333336
469,2008-03-30,2146.392,175.97,347275.81,9039.6,19644.2
470,2008-03-31,1377.57,130.86,349526.94,5768.6,12070.5
471,2008-04-01,2291.852,136.706,347433.67,9669.8,19878.533333333333
472,2008-04-02,1628.138,104.034,345967.5,6879.2,16191.633333333337
473,2008-04-03,1668.99,108.958,347078.04,7009.4,14709.5
474,2008-04-04,1631.918,125.306,347516.72,6806.0,11044.633333333337
475,2008-04-05,1470.97,209.422,347587.89,6282.0,13984.166666666668
476,2008-04-06,1588.912,152.404,341733.05500000005,6952.0,10741.866666666663
477,2008-04-07,942.02,188.132,345858.7,4072.8,6809.333333333334
478,2008-04-08,1125.92,193.62,342285.52,4917.4,9082.333333333332
479,2008-04-09,1225.22,151.872,343675.43,5262.8,8383.333333333332
480,2008-04-10,2100.496,216.2,345851.14,8848.6,18344.26666666667
481,2008-04-11,1562.316,121.476,346755.52,6699.4,15718.6
482,2008-04-12,1738.638,113.99,350586.92,7234.2,16297.3
483,2008-04-13,2232.986,213.514,346209.59,9434.6,15713.433333333334
484,2008-04-14,1589.582,154.958,348932.24,6630.2,14871.03333333333
485,2008-04-15,1670.406,178.782,347383.79,7069.8,12794.1
486,2008-04-16,1489.064,125.904,348111.92,6215.2,12254.733333333334
487,2008-04-17,1395.862,145.878,347621.18,5910.2,12490.366666666663
488,2008-04-18,1862.39,184.646,346523.87,7859.0,14112.833333333332
489,2008-04-19,2253.71,245.284,347246.18,9556.0,16063.833333333336
490,2008-04-20,1791.418,227.854,347663.34,7575.2,13881.966666666667
491,2008-04-21,1164.156,175.4,348469.19,4902.0,9941.6
492,2008-04-22,1627.676,193.15,346981.99,6872.4,10460.933333333334
493,2008-04-23,1357.328,189.502,347776.33,5713.2,12344.133333333337
494,2008-04-24,1043.772,171.924,346471.67,4403.6,10315.199999999995
495,2008-04-25,1267.734,162.224,347050.3,5328.0,8900.900000000001
496,2008-04-26,903.166,168.696,346741.29,3793.0,10832.766666666666
497,2008-04-27,1008.24,198.118,346906.49,4267.8,10035.0
498,2008-04-28,659.052,167.118,347008.98,2809.0,7577.200000000001
499,2008-04-29,1972.616,215.356,346617.94,8309.8,15582.933333333334
500,2008-04-30,1101.726,171.556,347664.45,4634.8,10062.1
501,2008-05-01,2183.248,129.464,343905.04,9283.4,19397.466666666667
502,2008-05-02,2472.456,152.786,347006.76,10383.2,18589.6
503,2008-05-03,2037.208,140.898,347133.95,8598.0,17482.466666666667
504,2008-05-04,1970.762,203.684,346403.56,8330.2,15399.033333333333
505,2008-05-05,1366.932,185.75,346661.07,5756.8,11199.2
506,2008-05-06,1120.078,153.106,341733.05500000005,4892.6,7633.966666666667
507,2008-05-07,1469.088,224.78,344973.27,6316.6,7490.799999999999
508,2008-05-08,827.118,180.248,343780.5,3608.6,5523.299999999999
509,2008-05-09,873.96,147.236,345010.45,3752.0,6813.0
510,2008-05-10,1549.95,146.296,345798.06,6529.2,15514.5
511,2008-05-11,2985.47,257.82,344852.31,12375.599999999999,25880.833333333336
512,2008-05-12,2058.618,120.026,349885.31,8593.4,23317.300000000003
513,2008-05-13,1476.894,236.468,346138.65,6324.2,11332.9
514,2008-05-14,1584.262,277.374,346620.26,6787.2,10785.366666666663
515,2008-05-15,1162.768,237.724,346104.57,5071.8,11121.466666666667
516,2008-05-16,1648.03,235.202,344573.91,7078.2,13719.166666666668
517,2008-05-17,1657.454,275.896,344840.92,7130.2,12059.233333333334
518,2008-05-18,1803.958,254.492,345143.07,7789.6,14309.966666666667
519,2008-05-19,1030.262,175.736,346221.9,4420.0,8096.033333333333
520,2008-05-20,1581.334,184.082,347068.23,6742.4,10595.566666666666
521,2008-05-21,1324.112,190.326,346695.14,5640.0,10354.533333333333
522,2008-05-22,976.868,169.816,344880.28,4256.6,8370.133333333333
523,2008-05-23,1484.916,178.958,344878.35,6276.4,8624.599999999999
524,2008-05-24,1580.176,285.55,346643.86,6723.4,11907.266666666666
525,2008-05-25,2048.504,290.416,345521.73,8836.6,15007.73333333333
526,2008-05-26,1289.71,220.698,346123.71,5658.8,10560.166666666668
527,2008-05-27,1708.7,207.466,344722.85,7354.6,11648.333333333332
528,2008-05-28,1114.372,235.644,347504.68,4824.8,8213.866666666665
529,2008-05-29,1135.076,186.832,342252.23,5005.0,8703.933333333334
530,2008-05-30,1397.244,182.218,346397.32,6052.2,8970.400000000001
531,2008-05-31,1641.47,249.924,346542.05,7089.2,11407.833333333332
532,2008-06-01,1825.184,116.958,344746.5,7761.8,18184.733333333334
533,2008-06-02,1669.54,114.26,343315.75,7104.4,16927.666666666668
534,2008-06-03,2503.208,106.184,346218.09,10389.0,33301.13333333333
535,2008-06-04,1696.318,150.572,347255.43,7122.8,16980.966666666667
536,2008-06-05,1789.98,199.596,346018.06,7554.2,10869.0
537,2008-06-06,1217.714,174.52,345192.39,5287.8,10909.233333333334
538,2008-06-07,1805.064,253.582,346449.93,7717.6,13060.4
539,2008-06-08,326.112,214.504,346414.79,1570.2,2707.2
540,2008-06-09,1868.574,238.292,344649.28,7955.2,8294.900000000001
541,2008-06-10,1423.782,125.204,344331.47000000003,6071.6,12891.7
542,2008-06-11,1588.438,181.468,346161.91,6806.4,18276.966666666667
543,2008-06-12,2523.836,188.144,347236.65,10596.0,23261.93333333333
544,2008-06-13,1874.28,281.816,343759.26,8067.0,10540.0
545,2008-06-14,1384.92,293.95599999999996,345620.87,6059.2,9528.0
546,2008-06-15,2289.102,281.00600000000003,344813.37,9754.0,13289.699999999995
547,2008-06-16,1303.044,204.382,346224.19,5622.8,9261.4
548,2008-06-17,1145.084,175.464,346110.38,4945.8,7478.733333333334
549,2008-06-18,1893.608,272.724,345225.41,8224.4,8284.133333333335
550,2008-06-19,1588.082,189.418,344552.67,6822.6,10632.03333333333
551,2008-06-20,1676.104,227.42,345512.43,7211.8,9635.066666666666
552,2008-06-21,1734.254,239.028,344827.31,7393.2,9313.233333333334
553,2008-06-22,1566.416,293.95599999999996,344223.53,6730.6,9574.933333333334
554,2008-06-23,1251.796,210.956,344070.22,5460.4,7558.266666666666
555,2008-06-24,1754.452,253.022,342598.16,7577.6,8701.866666666665
556,2008-06-25,1261.77,290.626,344008.66,5631.8,8285.5
557,2008-06-26,1056.02,217.414,344666.02,4624.0,7136.333333333332
558,2008-06-27,1755.152,262.008,344066.38,7540.8,12558.533333333333
559,2008-06-28,1208.8,210.954,344365.03,5307.8,10214.666666666668
560,2008-06-29,749.352,183.664,345831.33,3356.8,7103.200000000001
561,2008-06-30,804.196,189.526,346141.61,3570.0,6063.266666666666
562,2008-07-01,1695.814,116.172,346671.27,7078.0,16399.566666666666
563,2008-07-02,1518.31,108.706,347141.59,6392.6,16921.166666666668
564,2008-07-03,1862.956,129.392,346775.14,7836.0,17310.266666666666
565,2008-07-04,1538.838,141.28,350248.79,6457.2,13089.3
566,2008-07-05,1176.264,190.956,347157.02,4978.8,11502.4
567,2008-07-06,1882.484,186.414,344137.6,7966.0,11791.733333333334
568,2008-07-07,983.39,202.81,345072.55,4274.8,6477.833333333332
569,2008-07-08,334.884,214.94,344609.75,1613.8,2698.4
570,2008-07-09,1372.656,176.444,346447.71,5876.4,11582.6
571,2008-07-10,1726.568,187.234,343948.13,7439.2,17865.133333333335
572,2008-07-11,1619.184,109.988,345242.57,6846.6,15144.4
573,2008-07-12,2466.74,180.224,348823.5,10306.6,23881.333333333336
574,2008-07-13,1253.754,166.908,345538.77,5420.0,9004.900000000001
575,2008-07-14,1137.926,209.668,346311.63,4941.6,7970.433333333334
576,2008-07-15,1155.86,190.936,345285.28,4947.4,9159.333333333332
577,2008-07-16,1077.062,206.462,346454.47,4661.0,8637.033333333333
578,2008-07-17,1319.122,239.506,345480.53,5798.4,11860.366666666663
579,2008-07-18,1261.584,195.606,344991.15,5381.2,10071.4
580,2008-07-19,1344.014,208.03,344377.61,5788.4,8637.233333333334
581,2008-07-20,941.534,172.576,345279.88,4084.4,7216.233333333334
582,2008-07-21,1156.478,172.45,344306.44,5014.2,7956.633333333335
583,2008-07-22,740.242,161.128,345125.24,3272.6,7021.366666666667
584,2008-07-23,942.63,162.392,345738.41,4103.2,7698.5
585,2008-07-24,1093.45,185.882,345432.62,4639.0,8567.166666666668
586,2008-07-25,865.534,182.714,344242.39,3770.4,6034.566666666668
587,2008-07-26,815.684,213.318,345641.32,3592.0,6403.733333333334
588,2008-07-27,1147.396,233.138,343398.47,5058.0,8817.266666666666
589,2008-07-28,825.804,198.514,345590.92,3707.0,7291.4
590,2008-07-29,1166.558,208.384,345958.39,5242.8,11539.633333333337
591,2008-07-30,1299.908,227.536,344283.25,5853.8,12066.133333333337
592,2008-07-31,1392.638,243.476,345737.77,6093.8,11281.633333333337
593,2008-08-01,2043.55,127.452,346783.4,8625.6,18558.166666666664
594,2008-08-02,1950.564,119.094,346223.69,8276.0,20085.4
595,2008-08-03,2248.66,237.08,347890.97,9487.2,22410.666666666664
596,2008-08-04,2657.516,184.176,348575.88,11087.2,13307.933333333334
597,2008-08-05,2116.698,253.244,345385.86,8897.0,18192.300000000003
598,2008-08-06,1542.322,188.384,345549.51,6618.4,10276.366666666663
599,2008-08-07,1126.214,196.318,345168.9,4854.8,9684.233333333334
600,2008-08-08,302.2,196.448,344817.42,1448.0,2575.666666666667
601,2008-08-09,1309.324,160.574,347589.83,5548.8,9223.066666666666
602,2008-08-10,1860.576,152.41,345670.58,7821.0,13189.6
603,2008-08-11,1733.138,133.168,344603.56,7350.8,18431.63333333333
604,2008-08-12,1868.636,120.782,350973.53,7751.8,16474.933333333334
605,2008-08-13,282.584,183.836,346854.98,1341.4,2469.7333333333336
606,2008-08-14,270.258,177.966,347242.87,1274.4,2422.3
607,2008-08-15,273.654,178.178,347267.76,1290.2,2430.9
608,2008-08-16,274.814,181.678,348617.3,1295.2,2450.2333333333336
609,2008-08-17,274.796,179.516,347304.17,1292.8,2424.9333333333334
610,2008-08-18,273.758,178.098,347552.41,1287.8,2403.633333333333
611,2008-08-19,274.692,180.622,346888.42,1300.8,2439.2
612,2008-08-20,268.472,178.064,347822.94,1272.0,2411.5333333333338
613,2008-08-21,261.298,168.972,346025.76,1223.6,2345.9666666666662
614,2008-08-22,267.124,174.654,346870.43,1255.8,2400.0666666666666
615,2008-08-23,254.642,169.422,348685.43,1196.4,2340.0333333333338
616,2008-08-24,254.716,163.91,347923.32,1190.0,2318.2666666666664
617,2008-08-25,250.298,163.87,347722.52,1164.0,2313.633333333333
618,2008-08-26,257.564,166.566,347212.15,1205.6,2339.7333333333336
619,2008-08-27,258.114,165.872,346430.11,1199.8,2363.9
620,2008-08-28,268.246,174.098,346381.42,1260.0,2407.7666666666664
621,2008-08-29,267.588,171.186,346083.05,1260.0,2430.8
622,2008-08-30,270.424,177.552,346340.15,1276.2,2453.0666666666666
623,2008-08-31,1500.614,210.418,345385.38,6404.0,7104.233333333334
624,2008-09-01,1788.44,125.336,347412.44,7534.0,19398.33333333333
625,2008-09-02,2102.276,144.528,348140.89,8769.6,19856.93333333333
626,2008-09-03,1560.458,135.574,346674.79,6611.2,18912.63333333333
627,2008-09-04,1218.852,132.864,348937.5,5073.0,10935.2
628,2008-09-05,1747.272,229.874,346278.56,7396.0,14565.2
629,2008-09-06,1325.698,183.64,344785.94,5817.2,10121.966666666667
630,2008-09-07,919.318,191.724,346074.59,3996.4,6519.966666666667
631,2008-09-08,358.924,199.99,346623.06,1670.8,3591.0666666666666
632,2008-09-09,1159.654,180.67,345285.6,4988.8,10910.566666666666
633,2008-09-10,1983.682,181.9,344556.61,8369.8,17313.36666666667
634,2008-09-11,2578.538,210.946,343373.86,10974.2,21665.63333333333
635,2008-09-12,2003.144,132.516,350720.14,8291.0,15961.73333333333
636,2008-09-13,1631.436,186.192,345779.35,6941.0,9020.6
637,2008-09-14,1576.326,193.746,345440.14,6818.4,14616.1
638,2008-09-15,1697.708,136.118,345968.51,7303.4,16649.133333333335
639,2008-09-16,1221.862,156.06,346966.2,5211.8,11747.366666666663
640,2008-09-17,1519.21,177.168,346545.61,6465.2,10312.166666666668
641,2008-09-18,1505.29,189.376,346071.08,6404.2,12538.166666666668
642,2008-09-19,1518.846,166.768,346114.24,6449.4,11027.1
643,2008-09-20,1304.6,156.204,346455.53,5480.0,8896.333333333332
644,2008-09-21,1533.07,206.262,346953.83,6566.8,10813.166666666668
645,2008-09-22,1358.564,151.524,345901.19,5778.2,8953.733333333334
646,2008-09-23,1232.788,165.128,345864.04,5305.2,10458.466666666667
647,2008-09-24,1718.35,173.472,345781.14,7245.6,11342.166666666668
648,2008-09-25,1131.22,173.77,346018.07,4815.0,8605.666666666668
649,2008-09-26,1431.45,211.572,346166.82,6105.0,11376.5
650,2008-09-27,2127.446,257.04,345810.93,9012.4,15838.433333333334
651,2008-09-28,1731.104,163.968,346000.92,7314.6,15304.733333333334
652,2008-09-29,1501.738,199.432,345980.19,6349.6,12974.966666666667
653,2008-09-30,1375.006,155.092,346440.63,5795.6,14143.766666666666
654,2008-10-01,1894.076,120.504,346762.28,8056.2,19983.93333333333
655,2008-10-02,2184.714,151.736,347436.29,9211.4,20766.9
656,2008-10-03,1618.686,127.124,348087.38,6786.0,15941.1
657,2008-10-04,1477.746,163.68,348406.63,6199.8,14384.1
658,2008-10-05,1909.128,289.814,345724.17,8116.4,12542.8
659,2008-10-06,1067.09,216.018,345568.39,4615.0,7300.833333333332
660,2008-10-07,1251.276,240.242,345409.57,5390.6,11134.6
661,2008-10-08,352.032,189.106,345981.44,1616.4,3498.2
662,2008-10-09,1300.764,166.43,344852.04,5554.8,9990.4
663,2008-10-10,1518.338,148.044,345074.19,6389.0,12870.633333333337
664,2008-10-11,2091.88,155.49,343661.32,8858.6,23201.666666666664
665,2008-10-12,2111.02,137.006,341733.05500000005,8726.2,19022.666666666664
666,2008-10-13,1461.976,147.894,346765.57,6126.2,13311.266666666666
667,2008-10-14,1609.056,164.286,344470.65,6811.4,15259.6
668,2008-10-15,2156.896,168.462,344889.78,9112.6,16924.26666666667
669,2008-10-16,1583.68,136.84,344538.5,6712.2,16576.666666666668
670,2008-10-17,1866.886,153.522,345668.58,7885.2,16252.766666666666
671,2008-10-18,2239.19,162.628,345363.02,9427.8,22719.833333333336
672,2008-10-19,1971.934,181.596,345661.27,8359.6,19557.566666666666
673,2008-10-20,1667.554,137.812,346222.79,6998.8,13825.566666666666
674,2008-10-21,2063.716,152.344,345212.19,8756.4,19544.26666666667
675,2008-10-22,1646.01,149.344,346774.7,6965.2,15742.5
676,2008-10-23,1830.494,161.208,346174.62,7739.4,17671.233333333334
677,2008-10-24,2133.226,168.014,346195.72,9024.4,15099.76666666667
678,2008-10-25,1523.156,111.238,341733.05500000005,6363.0,10821.933333333334
679,2008-10-26,523.492,115.53,348657.79,2158.8,6351.866666666665
680,2008-10-27,523.892,128.978,348808.4,2173.2,6362.533333333335
681,2008-10-28,1327.29,145.076,347510.58,5548.6,14406.5
682,2008-10-29,1612.576,133.282,348177.02,6630.2,21479.266666666663
683,2008-10-30,1098.6,123.028,348599.94,4713.6,15346.0
684,2008-10-31,1285.832,104.348,347514.87,5423.6,10635.533333333333
685,2008-11-01,1705.818,95.484,346190.47,7147.4,18882.3
686,2008-11-02,1692.016,102.246,348036.76,7101.8,17955.266666666666
687,2008-11-03,2200.042,151.1,346210.78,9312.4,18559.36666666667
688,2008-11-04,1877.664,143.89,346692.06,7851.8,14479.4
689,2008-11-05,1610.92,275.702,346299.26,6918.0,18015.666666666668
690,2008-11-06,1123.206,214.372,345822.44,4879.4,9335.1
691,2008-11-07,1254.216,251.036,344904.35,5446.4,10370.6
692,2008-11-08,371.916,187.62,346634.39,1685.8,3829.6
693,2008-11-09,1028.714,192.038,344303.72,4435.6,8079.233333333334
694,2008-11-10,1669.386,154.848,344422.97,7064.6,11971.1
695,2008-11-11,2455.95,128.08,345425.32,10344.0,21518.5
696,2008-11-12,1432.522,114.916,350522.44,5935.6,14463.366666666663
697,2008-11-13,1238.46,125.424,347901.01,5223.2,13988.0
698,2008-11-14,1621.738,127.894,347071.42,6848.0,14682.966666666667
699,2008-11-15,2985.47,165.16,343633.13,12375.599999999999,27141.13333333333
700,2008-11-16,2365.432,163.13,346311.56,9963.4,23858.86666666667
701,2008-11-17,1523.636,118.874,347234.3,6353.4,14425.933333333334
702,2008-11-18,1749.05,139.282,345458.94,7404.2,16498.833333333332
703,2008-11-19,1840.238,166.452,346377.05,7794.6,17203.633333333335
704,2008-11-20,1692.336,121.192,345338.09,7177.6,19092.6
705,2008-11-21,1673.93,127.554,345496.8,7123.0,16115.833333333332
706,2008-11-22,1711.368,124.868,345213.81,7271.4,18227.8
707,2008-11-23,2985.47,206.944,344136.08,12375.599999999999,34029.4
708,2008-11-24,2985.47,121.618,346117.66,12375.599999999999,38598.96666666667
709,2008-11-25,2702.85,150.564,346940.07,11266.4,31221.5
710,2008-11-26,1515.954,119.996,349057.29,6273.2,14050.9
711,2008-11-27,2362.218,126.218,347673.62,9851.2,24109.300000000003
712,2008-11-28,1885.964,128.426,350015.78,7789.8,18663.733333333334
713,2008-11-29,2434.668,166.51,347386.69,10157.2,20531.800000000003
714,2008-11-30,2401.388,170.904,349019.37,10016.0,23907.13333333333
715,2008-12-01,2871.408,162.724,345542.66,12274.4,28525.800000000003
716,2008-12-02,1987.798,130.946,344893.18,8419.8,17126.966666666667
717,2008-12-03,1774.232,138.194,347122.38,7448.0,15034.533333333333
718,2008-12-04,2800.014,293.95599999999996,347130.97,11834.2,21866.9
719,2008-12-05,1524.204,229.14,347099.94,6508.0,10277.4
720,2008-12-06,1259.332,189.292,345153.63,5471.0,11224.866666666663
721,2008-12-07,1328.852,266.124,345685.36,5832.6,7863.533333333333
722,2008-12-08,288.984,187.042,345669.53,1373.0,2510.4
723,2008-12-09,1392.762,178.298,345554.37,5968.2,12205.7
724,2008-12-10,1907.94,161.806,345818.22,8085.8,16245.0
725,2008-12-11,2186.494,158.816,345676.45,9129.4,23233.566666666666
726,2008-12-12,1815.534,139.342,349981.95,7519.2,16692.899999999998
727,2008-12-13,1825.574,163.278,347815.51,7663.4,18708.233333333334
728,2008-12-14,2002.12,164.014,347936.83,8469.4,21714.666666666664
729,2008-12-15,1795.45,113.744,349976.45,7475.0,18826.166666666668
730,2008-12-16,1797.09,114.598,351187.06,7477.4,18364.5
731,2008-12-17,2098.786,136.216,350371.46,8755.6,19631.76666666667
732,2008-12-18,1736.94,118.07,349717.05,7184.6,16273.0
733,2008-12-19,1882.112,132.154,348287.29,7891.4,17761.533333333333
734,2008-12-20,2242.502,160.69,349052.47,9353.2,16945.033333333333
735,2008-12-21,2643.61,135.072,348076.92,11034.2,18956.166666666664
736,2008-12-22,2015.808,124.87,348284.87,8434.2,20615.800000000003
737,2008-12-23,1798.088,151.08,348149.59,7561.0,16861.133333333335
738,2008-12-24,1269.638,115.318,351303.3,5232.4,10815.633333333337
739,2008-12-25,1061.118,116.882,350255.61,4375.6,13802.3
740,2008-12-26,1223.732,124.222,351869.27,5041.0,11199.533333333333
741,2008-12-27,2972.164,118.132,350369.13,12141.8,37083.066666666666
742,2008-12-28,1570.642,112.248,352163.81500000006,6364.8,18716.366666666665
743,2008-12-29,555.278,91.638,352163.81500000006,2273.6,6556.633333333333
744,2008-12-30,1195.238,113.206,352163.81500000006,4898.6,12530.633333333337
745,2008-12-31,1964.188,129.272,350347.13,8190.2,17655.466666666667
746,2009-01-01,1406.692,112.668,349683.93,5975.8,16031.866666666663
747,2009-01-02,1807.46,149.582,343160.33,7564.8,18678.33333333333
748,2009-01-03,2467.626,189.112,348438.42,10392.0,18375.1
749,2009-01-04,1641.14,143.048,349784.69,6923.4,14872.333333333332
750,2009-01-05,1512.802,190.462,347433.25,6370.8,11385.366666666663
751,2009-01-06,1443.26,229.876,347521.14,6208.2,9443.333333333332
752,2009-01-07,1218.342,265.742,348205.39,5251.6,8979.7
753,2009-01-08,706.966,242.662,347764.33,3178.6,4690.766666666666
754,2009-01-09,980.536,217.072,347358.39,4311.4,9572.266666666666
755,2009-01-10,1287.252,185.416,347802.51,5452.8,10469.2
756,2009-01-11,1843.168,221.902,346930.8,7759.2,16064.466666666667
757,2009-01-12,1756.378,141.874,349391.74,7312.8,18097.966666666667
758,2009-01-13,2182.6,134.142,352020.01,9006.2,18713.666666666664
759,2009-01-14,1776.282,120.66,351992.98,7339.2,16694.7
760,2009-01-15,1564.068,115.546,349950.64,6509.6,13385.8
761,2009-01-16,2766.554,179.92,349299.32,11578.4,21920.23333333333
762,2009-01-17,2985.47,164.544,347949.42,12375.599999999999,34344.0
763,2009-01-18,2985.47,209.84,349407.48,12375.599999999999,27492.9
764,2009-01-19,1699.866,119.274,350101.69,7091.2,16558.1
765,2009-01-20,1738.028,133.88,350495.79,7170.8,14958.133333333337
766,2009-01-21,1739.434,128.044,351511.47,7189.8,15853.566666666666
767,2009-01-22,1237.356,115.6,351369.15,5169.6,12035.6
768,2009-01-23,1910.536,126.298,349587.29,7964.4,17323.266666666666
769,2009-01-24,2200.77,169.974,350281.09,9203.2,18769.5
770,2009-01-25,2843.664,147.766,349263.35,11738.0,26250.4
771,2009-01-26,1674.472,113.276,350208.39,6961.6,16617.866666666665
772,2009-01-27,1425.03,135.636,351270.15,6001.8,15968.5
773,2009-01-28,2721.734,116.02,349966.4,11276.6,21827.23333333333
774,2009-01-29,1573.698,104.306,350442.5,6527.0,16938.3
775,2009-01-30,2059.038,120.094,351777.36,8521.8,20268.300000000003
776,2009-01-31,2985.47,238.712,349158.79,12375.599999999999,25052.2
777,2009-02-01,2327.51,204.73,349495.04,9702.4,18515.833333333336
778,2009-02-02,1603.3,106.588,352163.81500000006,6596.8,14415.666666666668
779,2009-02-03,1477.442,135.364,348828.26,6337.6,16070.033333333333
780,2009-02-04,1644.334,124.762,348825.08,6856.4,12453.566666666666
781,2009-02-05,1393.91,179.62,348311.38,5871.6,11667.833333333332
782,2009-02-06,1090.638,223.696,347947.63,4849.6,9779.3
783,2009-02-07,1242.578,276.318,348432.11,5349.6,11437.633333333337
784,2009-02-08,489.724,205.492,346955.9,2258.6,3986.0666666666666
785,2009-02-09,1222.814,207.858,348217.59,5239.0,8853.233333333334
786,2009-02-10,1152.668,183.156,346692.79,4876.0,8499.133333333335
787,2009-02-11,1504.226,170.082,347449.83,6337.0,15228.433333333334
788,2009-02-12,2345.668,170.23,348003.81,9820.4,18048.466666666667
789,2009-02-13,1690.022,109.186,348038.4,7044.2,15259.033333333333
790,2009-02-14,2332.594,118.768,347929.95,9677.0,14831.566666666666
791,2009-02-15,1586.032,114.022,349695.27,6482.0,18508.866666666665
792,2009-02-16,1318.994,111.806,348685.93,5512.6,14685.233333333334
793,2009-02-17,781.698,112.69,343042.77,3255.2,8837.3
794,2009-02-18,826.45,113.064,348812.78,3392.4,8006.166666666666
795,2009-02-19,737.268,99.378,347831.41,3040.6,9183.8
796,2009-02-20,1880.736,147.036,345874.62,7970.4,19387.6
797,2009-02-21,1316.184,155.40200000000002,346974.25,5481.6,15580.4
798,2009-02-22,2238.478,175.828,347495.48,9410.0,17782.966666666667
799,2009-02-23,2733.656,129.8,347386.87,11337.2,28133.93333333333
800,2009-02-24,1783.144,123.346,346878.61,7441.4,13605.066666666666
801,2009-02-25,1169.844,113.07,347330.83,4914.0,10772.4
802,2009-02-26,1156.852,112.6,346654.61,4842.8,12171.866666666663
803,2009-02-27,2028.918,202.116,346990.59,8501.0,17584.300000000003
804,2009-02-28,1630.75,212.588,349052.08,6961.4,12670.166666666668
805,2009-03-01,1913.496,174.912,350901.3,7964.4,14684.6
806,2009-03-02,1868.39,123.01,351795.92,7695.2,14574.833333333332
807,2009-03-03,1848.952,127.904,349772.19,7699.8,16364.866666666663
808,2009-03-04,1363.26,132.598,348209.12,5735.4,13839.0
809,2009-03-05,1608.878,179.698,348575.52,6857.2,13788.633333333337
810,2009-03-06,1356.578,200.926,346184.53,5870.4,8722.633333333335
811,2009-03-07,864.148,245.996,348369.62,3794.6,5533.466666666667
812,2009-03-08,500.298,197.3,348364.9,2254.4,3922.2999999999993
813,2009-03-09,1251.188,213.438,347515.3,5417.4,9424.133333333337
814,2009-03-10,1716.74,255.396,346516.35,7272.6,9568.333333333332
815,2009-03-11,2266.688,241.762,347244.38,9549.8,22793.13333333333
816,2009-03-12,1479.688,145.222,350329.1,6182.4,13314.466666666667
817,2009-03-13,1445.52,138.684,349570.52,6006.8,12233.0
818,2009-03-14,2149.028,155.25,348737.48,8908.0,15305.133333333331
819,2009-03-15,1942.062,177.752,348150.4,8202.6,15384.7
820,2009-03-16,1334.732,119.258,348830.71,5537.4,12666.533333333333
821,2009-03-17,1931.91,234.992,348417.25,8135.0,14816.5
822,2009-03-18,1450.68,121.906,349690.49,6020.8,10579.0
823,2009-03-19,1191.532,116.412,349597.84,4931.8,10086.866666666663
824,2009-03-20,1463.906,130.038,349799.74,6073.6,12389.433333333334
825,2009-03-21,1930.022,197.656,349319.12,8167.4,15799.033333333333
826,2009-03-22,1689.17,130.28,347799.76,7128.8,13342.833333333332
827,2009-03-23,1296.45,120.122,348557.26,5456.8,14220.5
828,2009-03-24,1661.712,146.836,349177.1,7047.8,15484.2
829,2009-03-25,1838.774,194.036,350082.81,7708.4,14264.233333333334
830,2009-03-26,1211.004,119.75,349827.49,5042.4,11275.4
831,2009-03-27,1713.926,181.074,349385.25,7221.8,16989.433333333334
832,2009-03-28,2260.976,276.7,348675.29,9508.8,20603.93333333333
833,2009-03-29,2216.65,137.094,349269.94,9242.4,21807.166666666664
834,2009-03-30,1477.452,131.324,349529.07,6198.8,13343.2
835,2009-03-31,1823.482,137.988,348721.78,7645.0,12520.366666666663
836,2009-04-01,1939.994,167.338,352163.81500000006,8111.8,22380.233333333334
837,2009-04-02,2460.924,151.604,352163.81500000006,10139.6,17223.4
838,2009-04-03,1842.13,129.434,349033.66,7772.0,17525.166666666668
839,2009-04-04,2191.232,199.728,347688.94,9211.0,13398.533333333333
840,2009-04-05,1667.882,146.056,347666.73,6971.6,15006.033333333333
841,2009-04-06,1035.66,164.662,345614.69,4440.2,7995.000000000004
842,2009-04-07,1238.568,293.95599999999996,347252.35,5535.6,9438.8
843,2009-04-08,508.892,196.38,348878.14,2317.6,4003.533333333333
844,2009-04-09,1024.388,181.064,348498.54,4401.0,8342.133333333331
845,2009-04-10,1621.106,225.21,346606.36,6933.8,11350.433333333334
846,2009-04-11,1801.8,172.428,348592.51,7532.4,12701.0
847,2009-04-12,1711.294,183.222,350475.41,7178.6,17877.566666666666
848,2009-04-13,1598.624,199.44,346747.02,6813.0,13780.733333333334
849,2009-04-14,1501.538,188.58,347748.95,6386.4,12318.633333333337
850,2009-04-15,1216.062,190.886,347501.82,5199.8,12646.7
851,2009-04-16,1564.524,179.016,346285.5,6658.8,12973.4
852,2009-04-17,2042.81,171.198,347511.93,8592.4,21167.833333333336
853,2009-04-18,1512.266,146.958,347106.6,6376.4,10864.433333333334
854,2009-04-19,1286.468,153.604,349428.29,5397.8,10776.133333333337
855,2009-04-20,1486.51,169.502,348342.56,6240.0,11655.166666666668
856,2009-04-21,1894.598,182.732,346533.79,7970.8,21896.63333333333
857,2009-04-22,1496.198,203.908,347435.79,6296.8,9444.633333333337
858,2009-04-23,1141.46,175.454,347752.28,4899.2,12050.333333333332
859,2009-04-24,1194.048,180.82,348177.72,5083.0,9840.8
860,2009-04-25,2022.284,235.592,346332.0,8548.0,14571.73333333333
861,2009-04-26,1781.626,229.618,348285.49,7548.6,13062.766666666666
862,2009-04-27,1351.628,160.408,347041.77,5766.0,14135.133333333337
863,2009-04-28,1706.386,160.366,348465.78,7285.0,14531.766666666666
864,2009-04-29,1664.68,141.616,348748.62,6996.2,14837.666666666668
865,2009-04-30,1834.762,138.056,348342.24,7666.4,13884.366666666663
866,2009-05-01,1604.0,128.938,352163.81500000006,6676.2,16514.333333333332
867,2009-05-02,1649.088,122.188,351151.29,6858.0,13129.8
868,2009-05-03,1441.812,112.462,348018.63,6124.8,14665.2
869,2009-05-04,1375.716,183.012,348931.74,5921.4,12236.6
870,2009-05-05,1731.474,141.914,346778.63,7282.4,12103.9
871,2009-05-06,1230.36,156.95,345403.02,5256.0,7535.0
872,2009-05-07,1410.736,293.95599999999996,347680.19,6206.8,10845.266666666666
873,2009-05-08,518.652,207.894,348922.91,2368.0,3982.2000000000007
874,2009-05-09,1513.866,270.068,346838.8,6524.4,9562.1
875,2009-05-10,1275.522,161.54,347357.55,5326.0,11749.7
876,2009-05-11,1560.466,159.064,347998.0,6535.6,14502.766666666666
877,2009-05-12,2351.762,274.112,347470.21,9968.4,21699.033333333333
878,2009-05-13,1246.398,171.566,346515.81,5338.6,11674.3
879,2009-05-14,1606.984,151.91,345685.71,6920.2,11219.066666666666
880,2009-05-15,1422.226,140.546,346978.37,6023.2,9632.766666666666
881,2009-05-16,2007.378,186.502,345583.81,8475.0,14666.300000000005
882,2009-05-17,1543.764,226.46,346033.05,6631.8,14080.4
883,2009-05-18,1209.906,154.56,346980.49,5066.2,10057.1
884,2009-05-19,1617.344,188.884,347029.83,6770.2,11929.733333333334
885,2009-05-20,1307.162,182.382,347500.38,5528.8,9366.033333333333
886,2009-05-21,1575.15,212.396,347067.51,6636.2,10858.5
887,2009-05-22,1074.806,237.242,348431.81,4609.4,7646.433333333334
888,2009-05-23,1530.598,193.25,346418.52,6472.0,10606.966666666667
889,2009-05-24,1287.786,177.2,348505.87,5429.6,10716.1
890,2009-05-25,1354.096,183.162,343340.5,5762.6,10752.266666666666
891,2009-05-26,1337.674,126.172,341733.05500000005,5812.2,10143.566666666666
892,2009-05-27,1544.292,124.902,341733.05500000005,6729.8,11255.2
893,2009-05-28,1179.736,128.786,341733.05500000005,5058.6,8690.266666666666
894,2009-05-29,1242.846,147.15,347844.53,5232.2,9163.1
895,2009-05-30,1659.106,233.688,347275.31,7060.4,11600.766666666666
896,2009-05-31,956.89,200.616,347696.85,4156.8,8304.166666666666
897,2009-06-01,1689.862,115.556,352163.81500000006,6961.0,15448.366666666663
898,2009-06-02,2048.396,126.872,350336.06,8527.2,20985.93333333333
899,2009-06-03,1783.474,128.956,346742.37,7579.6,16259.566666666666
900,2009-06-04,1452.634,131.54,348913.65,6084.8,12937.566666666666
901,2009-06-05,1349.902,146.378,346891.27,5716.4,10605.366666666663
902,2009-06-06,1475.45,233.496,346437.85,6356.6,9478.833333333332
903,2009-06-07,954.26,270.972,348139.4,4178.6,7578.333333333334
904,2009-06-08,532.672,214.786,347369.4,2415.4,4025.866666666667
905,2009-06-09,1228.63,220.532,348278.86,5277.8,9863.166666666668
906,2009-06-10,1428.448,179.276,347299.27,6006.2,14457.466666666667
907,2009-06-11,1390.45,169.354,349298.15,5804.6,11406.166666666668
908,2009-06-12,2378.288,291.892,347427.75,10056.0,20193.13333333333
909,2009-06-13,73.83800000000019,50.212000000000046,341733.05500000005,612.4000000000015,152.96666666666667
910,2009-06-15,771.908,153.828,341733.05500000005,3332.6,5939.133333333333
911,2009-06-16,1508.792,212.188,346796.9,6458.2,7251.533333333333
912,2009-06-17,988.016,192.86,347465.53,4260.8,7687.933333333334
913,2009-06-18,1165.7,165.954,347466.56,4906.8,7744.333333333332
914,2009-06-19,1086.866,164.26,347497.32,4620.2,8933.433333333334
915,2009-06-20,1107.1,179.056,347737.8,4679.2,6635.666666666668
916,2009-06-21,855.142,161.526,347452.93,3646.4,6799.366666666667
917,2009-06-22,1094.098,162.124,347331.3,4634.0,6637.966666666667
918,2009-06-23,1039.214,163.872,347347.1,4428.2,6863.233333333334
919,2009-06-24,1534.874,194.322,346373.54,6503.2,7008.233333333334
920,2009-06-25,771.362,183.966,347296.25,3332.0,6137.033333333333
921,2009-06-26,1277.322,238.866,346378.71,5531.0,8972.7
922,2009-06-27,1709.052,271.624,348212.37,7240.6,9921.2
923,2009-06-28,1059.394,277.824,348247.34,4621.0,9493.566666666666
924,2009-06-29,1010.134,236.026,348327.11,4358.0,7981.566666666666
925,2009-06-30,1192.446,283.15,348398.79,5244.8,9269.1
926,2009-07-01,2080.272,141.504,352163.81500000006,8563.4,18185.2
927,2009-07-02,2985.47,184.644,348553.33,12375.599999999999,23014.26666666667
928,2009-07-03,1696.466,149.866,349159.17,7107.8,14295.433333333334
929,2009-07-04,1440.092,152.732,348464.76,6093.0,13439.533333333333
930,2009-07-05,1012.648,135.008,347289.86,4280.8,8511.466666666667
931,2009-07-06,1207.392,218.93,347066.73,5225.6,10371.2
932,2009-07-07,1110.136,256.638,347963.05,4901.4,7887.266666666666
933,2009-07-08,539.296,221.29,347555.23,2442.0,4088.2666666666655
934,2009-07-09,1221.458,201.492,348064.73,5241.0,9285.633333333337
935,2009-07-10,1821.834,207.422,347345.22,7688.2,15387.9
936,2009-07-11,1557.176,197.68,348305.16,6495.0,13343.933333333334
937,2009-07-12,1742.638,165.088,349262.78,7294.8,17262.966666666667
938,2009-07-13,496.746,196.526,349268.42,2250.0,3804.1
939,2009-07-14,911.43,266.574,348775.76,4054.0,6114.5
940,2009-07-15,718.074,189.692,348374.73,3121.2,4337.9
941,2009-07-16,599.554,259.326,348648.45,2701.6,4366.566666666668
942,2009-07-17,731.808,179.134,347896.25,3161.2,4900.799999999999
943,2009-07-18,966.41,218.338,348489.04,4154.2,10054.833333333334
944,2009-07-19,1203.644,259.25,348547.11,5077.2,14404.733333333334
945,2009-07-20,662.486,217.864,348252.28,2949.0,4395.4333333333325
946,2009-07-21,813.7620000000001,266.7,349232.94,3600.8,4786.700000000001
947,2009-07-22,739.532,238.48,348594.36,3258.0,7679.533333333333
948,2009-07-23,1030.0,218.91,348398.38,4396.0,6554.666666666668
949,2009-07-24,561.738,208.536,348121.19,2529.4,4604.299999999999
950,2009-07-25,536.688,195.46,348619.78,2422.4,4651.799999999999
951,2009-07-26,543.016,239.798,349426.66,2473.0,4232.266666666666
952,2009-07-27,688.566,293.95599999999996,349240.45,3142.2000000000003,4212.1
953,2009-07-28,902.85,252.766,348798.83,3986.0,5795.5
954,2009-07-29,902.0,185.468,347760.68,3904.4,5866.333333333334
955,2009-07-30,792.326,198.206,349112.18,3471.4,6861.4333333333325
956,2009-07-31,975.83,228.246,348294.33,4323.2,5673.833333333334
957,2009-08-01,1633.27,124.374,352163.81500000006,6797.8,14074.166666666668
958,2009-08-02,2182.866,134.02,350430.58,9114.6,15607.1
959,2009-08-03,2357.166,194.186,348710.1,9909.8,14082.1
960,2009-08-04,1534.6,161.35,348854.01,6520.2,12650.666666666668
961,2009-08-05,1857.156,154.882,346787.73,7801.6,12452.6
962,2009-08-06,1178.776,129.36,345693.21,5100.6,9639.266666666666
963,2009-08-07,1234.4,221.196,347909.4,5315.0,7751.333333333332
964,2009-08-08,526.472,214.068,348087.02,2390.0,4035.533333333333
965,2009-08-09,1086.254,200.204,347546.31,4643.0,7992.233333333334
966,2009-08-10,1577.166,186.614,347140.48,6600.8,12008.1
967,2009-08-11,2508.002,226.688,350280.57,10429.6,19913.033333333333
968,2009-08-12,2006.884,179.192,350972.75,8338.0,16614.066666666666
969,2009-08-13,606.842,113.586,341733.05500000005,2625.4,3488.033333333333
970,2009-08-14,748.676,241.328,347298.59,3287.8,6551.9333333333325
971,2009-08-15,1514.062,293.95599999999996,346890.74,6632.4,11023.366666666663
972,2009-08-16,1217.712,293.95599999999996,346350.02,5464.0,11906.2
973,2009-08-17,785.908,251.462,347357.44,3480.6,6023.466666666667
974,2009-08-18,1080.598,246.724,346790.14,4691.8,7939.966666666667
975,2009-08-19,880.742,262.994,347819.86,3925.4,6927.033333333333
976,2009-08-20,775.722,260.89,347163.29,3489.6,5907.700000000001
977,2009-08-21,1161.746,262.362,346480.93,5044.8,7905.433333333334
978,2009-08-22,1548.738,293.95599999999996,347217.46,6855.4,9516.3
979,2009-08-23,1066.708,293.95599999999996,347839.88,4795.8,9016.466666666667
980,2009-08-24,1252.254,285.104,347134.37,5431.4,9607.9
981,2009-08-25,943.61,276.826,347774.2,4160.4,7540.833333333334
982,2009-08-26,1136.546,269.214,348159.54,4943.2,7435.433333333334
983,2009-08-27,749.466,251.206,347958.9,3337.4,7544.1
984,2009-08-28,1118.842,246.89,346859.19,4856.0,8259.366666666665
985,2009-08-29,1388.414,293.95599999999996,347004.47,6024.2,9045.233333333334
986,2009-08-30,1668.342,293.95599999999996,347157.01,7171.6,13141.7
987,2009-08-31,1265.522,219.318,343789.78,5504.2,9480.033333333333
988,2009-09-01,1788.702,115.572,352163.81500000006,7462.2,18452.7
989,2009-09-02,1706.638,134.608,350383.66,7150.4,17777.966666666667
990,2009-09-03,1685.556,136.04,349174.52,7062.4,15386.6
991,2009-09-04,1890.472,176.936,348907.43,7869.0,14977.866666666663
992,2009-09-05,1261.352,182.984,347866.89,5420.8,11945.533333333333
993,2009-09-06,1332.85,154.396,346929.86,5699.2,10105.166666666668
994,2009-09-07,846.252,194.652,349331.22,3761.0,8665.2
995,2009-09-08,998.234,284.326,348551.16,4402.4,7119.233333333334
996,2009-09-09,1521.344,223.572,347484.25,6467.4,9888.733333333334
997,2009-09-10,1351.862,188.418,346766.62,5693.2,11254.033333333333
998,2009-09-11,1404.752,177.874,350507.82,5891.2,14236.533333333333
999,2009-09-12,1802.356,187.594,349066.54,7559.8,16659.266666666666
1000,2009-09-13,1570.302,271.192,345719.74,6746.2,11243.7
1001,2009-09-14,1574.858,239.666,347726.82,6706.8,13710.633333333337
1002,2009-09-15,1456.806,184.276,347029.03,6170.4,13307.1
1003,2009-09-16,1743.162,197.746,345933.06,7415.6,11163.7
1004,2009-09-17,1223.426,167.282,347559.34,5199.6,10117.433333333334
1005,2009-09-18,1374.032,169.212,347182.85,5815.6,11104.533333333333
1006,2009-09-19,2135.71,263.492,346109.78,9013.6,15093.166666666664
1007,2009-09-20,2035.328,293.95599999999996,347465.44,8674.6,14989.133333333331
1008,2009-09-21,1417.868,214.166,347403.87,6049.8,11262.133333333337
1009,2009-09-22,1246.536,207.256,347302.12,5326.8,10739.6
1010,2009-09-23,1636.61,235.964,346675.11,6947.6,11329.833333333332
1011,2009-09-24,1426.258,224.076,346157.62,6098.4,11724.966666666667
1012,2009-09-25,1161.016,207.896,347649.01,5016.4,9062.266666666666
1013,2009-09-26,1556.254,288.042,347297.05,6602.8,8842.566666666666
1014,2009-09-27,1410.472,230.484,347359.4,6048.8,8565.866666666665
1015,2009-09-28,1299.456,193.198,348085.93,5465.4,10257.6
1016,2009-09-29,1146.398,199.878,346892.18,4887.2,10150.633333333337
1017,2009-09-30,1772.736,212.276,346208.57,7524.4,11299.6
1018,2009-10-01,2102.948,161.734,351533.5,8768.0,15394.133333333331
1019,2009-10-02,1943.822,115.832,350147.19,8041.2,18667.033333333333
1020,2009-10-03,1836.21,114.902,348232.95,7690.6,18712.5
1021,2009-10-04,1842.114,165.792,348529.66,7674.0,11994.9
1022,2009-10-05,1966.552,204.898,346902.43,8409.4,13113.866666666669
1023,2009-10-06,1602.996,159.208,346631.16,6816.8,11050.6
1024,2009-10-07,1187.118,217.23,347866.21,5055.4,8681.3
1025,2009-10-08,1069.358,293.95599999999996,347081.04,4719.0,8091.633333333335
1026,2009-10-09,1112.354,202.392,347369.69,4765.2,10503.233333333334
1027,2009-10-10,2012.756,255.622,345256.41,8535.2,13654.933333333334
1028,2009-10-11,1606.184,167.302,349201.41,6693.4,13431.733333333334
1029,2009-10-12,2054.286,223.124,347682.51,8583.4,15667.1
1030,2009-10-13,1449.1,165.392,345956.09,6119.6,13108.666666666668
1031,2009-10-14,1711.224,175.09,345253.63,7206.6,13375.4
1032,2009-10-15,1489.976,139.632,347215.87,6227.0,13099.933333333334
1033,2009-10-16,1516.86,145.384,345954.24,6357.8,13663.0
1034,2009-10-17,2742.08,261.152,344002.41,11585.6,17521.333333333336
1035,2009-10-18,1556.164,142.644,346681.21,6480.8,13581.066666666666
1036,2009-10-19,1369.108,134.358,348854.75,5692.4,13030.466666666667
1037,2009-10-20,1722.808,151.558,349239.61,7164.0,16498.466666666667
1038,2009-10-21,1969.506,192.17,348922.1,8227.2,16309.1
1039,2009-10-22,1399.71,155.85,349076.1,5821.0,11762.5
1040,2009-10-23,1757.45,196.704,347178.65,7408.6,13919.833333333332
1041,2009-10-24,2614.408,218.464,345446.19,11028.2,20912.466666666667
1042,2009-10-25,2406.536,243.182,345492.79,10181.2,17226.933333333334
1043,2009-10-26,1112.344,160.216,347803.82,4664.4,11808.066666666666
1044,2009-10-27,1116.756,173.798,347389.58,4708.8,9217.6
1045,2009-10-28,1268.708,164.972,347627.74,5312.8,10320.133333333337
1046,2009-10-29,1981.44,251.842,346099.48,8428.8,22457.0
1047,2009-10-30,1493.358,168.534,347731.68,6267.0,12277.3
1048,2009-10-31,1875.942,171.058,346347.45,7851.8,12341.7
1049,2009-11-01,1975.988,143.24,352163.81500000006,8301.2,17224.13333333333
1050,2009-11-02,2639.39,239.362,348620.49,11133.0,18332.833333333336
1051,2009-11-03,2405.904,137.244,348222.49,10119.8,18597.4
1052,2009-11-04,2462.446,253.666,346995.73,10332.4,14860.76666666667
1053,2009-11-05,1517.176,158.44,345961.91,6380.6,12785.266666666666
1054,2009-11-06,1300.65,159.932,347293.52,5548.8,10595.5
1055,2009-11-07,993.968,249.472,348789.3,4346.2,7146.133333333335
1056,2009-11-08,950.954,293.95599999999996,348251.75,4246.2,6948.233333333334
1057,2009-11-09,1214.146,183.378,347255.99,5134.4,7911.766666666666
1058,2009-11-10,1938.284,268.614,346293.98,8269.8,13091.733333333334
1059,2009-11-11,2040.48,223.068,349014.75,8603.6,15351.0
1060,2009-11-12,1784.462,219.624,351779.21,7388.4,16559.033333333333
1061,2009-11-13,1532.926,156.932,347379.42,6417.2,14107.766666666666
1062,2009-11-14,2560.456,245.848,345920.26,10733.0,17226.26666666667
1063,2009-11-15,1967.308,211.148,346068.53,8321.0,17073.466666666667
1064,2009-11-16,1514.468,157.194,348314.22,6340.6,13321.133333333337
1065,2009-11-17,1708.294,167.628,349431.26,7075.4,16402.566666666666
1066,2009-11-18,2639.174,203.88,347467.2,11067.6,16532.23333333333
1067,2009-11-19,1474.848,149.054,349884.1,6121.6,13163.8
1068,2009-11-20,1961.016,146.026,347878.61,8196.8,18617.6
1069,2009-11-21,2496.856,211.304,346494.05,10484.8,21370.26666666667
1070,2009-11-22,2450.976,222.638,347151.89,10358.2,17567.6
1071,2009-11-23,1471.122,148.338,349549.51,6100.8,15886.7
1072,2009-11-24,2128.856,153.82,348446.2,8899.0,19324.93333333333
1073,2009-11-25,1980.13,175.476,347297.45,8309.2,16578.166666666664
1074,2009-11-26,1599.626,141.542,349406.59,6640.2,13922.433333333334
1075,2009-11-27,1380.026,133.052,348276.7,5704.0,11005.433333333334
1076,2009-11-28,1858.95,225.218,347898.89,7784.8,13047.5
1077,2009-11-29,1650.962,191.056,350364.56,6878.4,15554.033333333333
1078,2009-11-30,1745.19,153.382,351020.6,7232.2,15606.5
1079,2009-12-01,1589.278,112.428,352163.81500000006,6500.0,14079.966666666667
1080,2009-12-02,1968.66,119.284,349792.6,8183.0,13679.0
1081,2009-12-03,1887.26,134.772,348477.73,7859.4,17435.333333333332
1082,2009-12-04,2141.012,281.67,346180.75,9119.2,14211.533333333333
1083,2009-12-05,1625.956,150.022,346142.56,6867.2,13051.266666666666
1084,2009-12-06,1101.732,152.704,346949.77,4703.0,9756.2
1085,2009-12-07,513.478,191.48,348919.11,2305.4,3908.966666666665
1086,2009-12-08,824.436,272.552,348203.92,3678.2,7148.6
1087,2009-12-09,2064.358,293.95599999999996,346618.15,8845.2,11019.966666666667
1088,2009-12-10,1351.604,157.714,345922.31,5714.8,11594.733333333334
1089,2009-12-11,1463.066,153.198,348777.61,6124.8,13066.433333333334
1090,2009-12-12,1816.38,248.73,352163.81500000006,7576.2,16868.0
1091,2009-12-13,2138.814,222.19,352076.54,8877.4,18067.9
1092,2009-12-14,1794.862,151.982,352163.81500000006,7376.0,15802.366666666663
1093,2009-12-15,1940.116,162.344,352163.81500000006,7941.0,16748.266666666666
1094,2009-12-16,1394.874,154.43,352163.81500000006,5750.4,11057.9
1095,2009-12-17,1717.182,148.97,352163.81500000006,6971.4,13916.7
1096,2009-12-18,1744.706,160.418,352163.81500000006,7154.4,16113.433333333334
1097,2009-12-19,2204.334,137.608,352163.81500000006,8989.8,19230.9
1098,2009-12-20,1144.166,122.1,352163.81500000006,4672.0,9724.433333333334
1099,2009-12-21,2034.966,171.948,352163.81500000006,8320.8,18868.1
1100,2009-12-22,1888.022,153.362,352163.81500000006,7726.6,15353.033333333333
1101,2009-12-23,1455.2,135.416,352163.81500000006,5934.8,11621.333333333332
1102,2009-12-24,2905.894,203.66,352163.81500000006,11942.8,22474.566666666666
1103,2009-12-25,2127.648,192.384,350767.15,8823.8,13906.800000000005
1104,2009-12-26,2183.618,160.884,349150.63,9081.2,14866.633333333331
1105,2009-12-27,2195.452,207.164,349439.1,9165.2,19604.86666666667
1106,2009-12-28,2094.098,181.668,351039.76,8688.0,15729.633333333331
1107,2009-12-29,2047.968,242.05,350183.54,8514.2,22321.800000000003
1108,2009-12-30,2451.11,266.794,347115.21,10322.6,18544.833333333336
1109,2009-12-31,2211.892,186.612,346980.7,9218.4,17068.86666666667
1110,2010-01-01,1224.252,165.336,349294.64,5093.4,14215.2
1111,2010-01-02,1693.778,124.784,350829.71,6995.2,12128.633333333337
1112,2010-01-03,1298.728,130.076,348224.8,5411.2,12274.466666666667
1113,2010-01-04,1687.44,144.464,348125.99,7025.8,11434.0
1114,2010-01-05,1320.158,192.524,346531.92,5659.0,8382.633333333335
1115,2010-01-06,1268.964,136.97,346378.0,5354.2,7921.4000000000015
1116,2010-01-07,1349.002,288.452,344612.47,5834.8,13247.366666666663
1117,2010-01-08,555.664,184.49,345313.88,2477.6,4440.066666666668
1118,2010-01-09,1593.318,180.18,347418.49,6756.0,9424.3
1119,2010-01-10,1504.82,157.784,346754.85,6296.6,11297.333333333332
1120,2010-01-11,1383.18,187.086,352163.81500000006,5670.2,13673.0
1121,2010-01-14,618.488,70.262,341733.05500000005,2587.4,6441.133333333333
1122,2010-01-15,2196.76,218.29,350965.1,9122.4,18157.666666666664
1123,2010-01-16,2150.112,242.518,349985.14,8956.4,17163.199999999997
1124,2010-01-17,1906.556,188.986,349261.93,7951.0,14441.933333333334
1125,2010-01-18,1881.098,191.772,350836.37,7807.0,17458.633333333335
1126,2010-01-19,2433.508,161.754,349953.28,10086.6,18550.466666666667
1127,2010-01-20,2351.728,199.86,349575.03,9807.4,18974.466666666667
1128,2010-01-21,2137.856,185.42,349849.8,8873.2,17836.933333333334
1129,2010-01-22,1790.626,156.858,348264.25,7463.8,14280.766666666666
1130,2010-01-23,2608.51,260.356,346552.02,11030.4,20214.166666666664
1131,2010-01-24,2269.42,175.238,348114.49,9511.4,20521.666666666664
1132,2010-01-25,1930.51,147.674,349774.0,7992.0,14216.166666666668
1133,2010-01-26,2067.564,130.93,350408.85,8501.0,17295.399999999994
1134,2010-01-27,2760.902,148.762,348459.99,11505.8,19414.033333333333
1135,2010-01-28,2110.234,158.52,350278.61,8731.2,17647.566666666666
1136,2010-01-29,2092.99,147.674,350831.24,8609.2,14483.166666666664
1137,2010-01-30,2842.728,235.996,348594.33,11962.4,18703.800000000003
1138,2010-01-31,1799.196,171.516,350499.8,7491.2,14322.6
1139,2010-02-01,1308.836,199.416,352090.46,5488.0,14290.933333333334
1140,2010-02-02,2157.432,131.168,350399.26,8853.6,14039.199999999995
1141,2010-02-03,766.9060000000001,136.396,348122.96,3204.8,8752.766666666668
1142,2010-02-04,1648.622,152.906,349593.87,6816.2,13920.033333333333
1143,2010-02-05,2187.91,233.98,346159.08,9248.4,12187.166666666664
1144,2010-02-06,980.898,129.238,346084.5,4198.8,7238.299999999999
1145,2010-02-07,1140.928,293.95599999999996,345067.37,5032.8,10924.466666666667
1146,2010-02-08,549.482,183.244,346892.19,2449.2,4431.033333333333
1147,2010-02-09,1392.492,170.312,346958.95,5887.8,9994.2
1148,2010-02-10,1923.254,166.086,346612.98,8041.4,13809.233333333334
1149,2010-02-11,1191.082,186.52,352163.81500000006,4927.4,13493.366666666663
1150,2010-02-13,2351.556,144.794,349760.29,9711.4,13352.6
1151,2010-02-14,1686.698,124.61,349883.54,6951.4,13380.633333333337
1152,2010-02-15,2097.132,131.27,350563.36,8701.0,15087.199999999995
1153,2010-02-16,1797.756,119.606,351005.42,7413.6,14880.6
1154,2010-02-17,2054.56,119.56,348979.42,8555.4,15211.666666666664
1155,2010-02-18,1761.156,140.0,350767.0,7255.0,13118.6
1156,2010-02-19,1953.572,135.15,348058.66,8142.0,15495.533333333333
1157,2010-02-20,1983.728,151.248,348176.11,8273.6,14462.133333333331
1158,2010-02-21,2740.314,167.458,346500.54,11575.2,14541.9
1159,2010-02-22,1474.036,160.624,346434.47,6213.6,10848.266666666666
1160,2010-02-23,1461.28,168.058,348457.94,6126.6,12547.666666666668
1161,2010-02-24,1914.278,150.128,347710.75,7953.2,13647.633333333337
1162,2010-02-25,1880.204,130.878,347015.76,7784.4,15742.733333333334
1163,2010-02-26,2120.156,139.31,346212.91,8840.6,16914.933333333334
1164,2010-02-27,1765.056,152.39,347824.02,7417.2,10875.6
1165,2010-02-28,711.666,134.068,349297.15,2968.2,8422.1
1166,2010-03-01,2083.454,191.61,350992.12,8703.6,15888.233333333335
1167,2010-03-02,2903.014,183.692,349038.83,12052.8,16596.566666666666
1168,2010-03-03,935.834,120.934,347344.47,3935.6,7951.233333333334
1169,2010-03-04,1805.278,206.65,350279.9,7446.2,9967.966666666667
1170,2010-03-05,1411.302,153.192,341733.05500000005,5988.8,10182.7
1171,2010-03-06,1394.186,164.036,345952.09,5982.0,7565.433333333334
1172,2010-03-07,1120.074,293.95599999999996,347524.24,4926.6,11548.9
1173,2010-03-08,615.212,177.116,347762.45,2668.4,5630.533333333333
1174,2010-03-09,1346.414,168.596,346368.49,5721.8,11230.233333333334
1175,2010-03-10,1830.684,202.814,348383.29,7773.8,15209.4
1176,2010-03-11,1293.298,176.264,351761.09,5413.8,12896.966666666667
1177,2010-03-13,2383.01,265.362,348475.59,9943.2,13361.833333333328
1178,2010-03-14,1566.714,200.632,348460.29,6616.6,14628.9
1179,2010-03-15,1791.85,164.312,348905.88,7456.8,13597.166666666668
1180,2010-03-16,1542.65,167.736,347817.71,6423.8,15170.833333333332
1181,2010-03-17,2009.13,185.748,347963.52,8392.0,13393.499999999993
1182,2010-03-18,1562.682,166.214,347763.26,6548.2,13482.7
1183,2010-03-19,1663.384,189.478,347651.23,6920.6,14536.066666666666
1184,2010-03-20,131.732,50.212000000000046,341733.05500000005,612.4000000000015,1201.5333333333333
1185,2010-03-21,917.282,86.87,341733.05500000005,3891.2,7131.033333333333
1186,2010-03-22,1618.59,171.556,347556.66,6749.4,11418.5
1187,2010-03-23,1822.162,186.634,347279.47,7733.4,13217.366666666663
1188,2010-03-24,1994.752,209.558,346643.53,8354.8,13521.866666666669
1189,2010-03-25,1679.884,186.758,348861.82,6974.2,13590.066666666666
1190,2010-03-26,1651.284,205.882,347765.8,6910.2,13214.4
1191,2010-03-27,1847.97,195.092,346194.1,7766.6,14169.5
1192,2010-03-28,1798.214,260.428,347577.92,7666.4,13874.233333333334
1193,2010-03-29,1622.738,207.082,347791.08,6806.0,10989.633333333337
1194,2010-03-30,1906.454,280.718,347161.85,8116.6,15678.233333333334
1195,2010-03-31,1923.802,201.578,345879.61,8154.6,12642.366666666663
1196,2010-04-01,1604.132,156.404,352163.81500000006,6623.2,15631.533333333333
1197,2010-04-02,2316.27,141.848,348625.14,9567.2,13255.5
1198,2010-04-03,682.88,125.954,349908.9,2890.4,8017.333333333334
1199,2010-04-04,1690.388,238.976,348116.3,7093.0,13558.133333333337
1200,2010-04-05,1516.96,154.24,341733.05500000005,6483.6,12257.666666666668
1201,2010-04-06,1420.554,185.244,346002.68,6052.8,9066.9
1202,2010-04-07,1538.088,280.146,346081.63,6569.0,17373.8
1203,2010-04-08,543.356,179.432,347613.05,2408.0,4407.9333333333325
1204,2010-04-09,1743.84,218.024,347186.8,7449.8,12484.0
1205,2010-04-10,1775.96,187.584,346494.9,7485.0,18916.33333333333
1206,2010-04-11,2555.146,252.438,350139.21,10794.4,15077.76666666667
1207,2010-04-13,1512.704,171.14,348098.58,6324.8,10435.733333333334
1208,2010-04-14,1660.364,179.198,347580.88,6979.6,11475.733333333334
1209,2010-04-15,1872.178,167.336,346827.15,7812.6,12351.966666666667
1210,2010-04-16,1562.062,170.38,348468.24,6553.0,9982.366666666663
1211,2010-04-17,1557.712,149.862,347479.45,6549.2,9713.866666666663
1212,2010-04-18,1476.106,148.232,346580.97,6164.4,10329.766666666666
1213,2010-04-19,1708.594,166.404,347414.14,7146.6,9517.566666666666
1214,2010-04-20,1833.628,175.902,346719.24,7677.0,11785.466666666667
1215,2010-04-21,1579.914,158.406,348379.26,6560.8,12794.9
1216,2010-04-22,1460.904,186.65,346674.27,6143.0,10141.4
1217,2010-04-23,1180.536,177.164,347922.6,4946.8,8071.5999999999985
1218,2010-04-24,1518.418,293.95599999999996,347783.21,6603.0,11155.966666666667
1219,2010-04-25,1542.742,238.99,346552.67,6511.0,15767.366666666663
1220,2010-04-26,1082.716,166.42,347373.19,4563.6,8912.266666666666
1221,2010-04-27,1250.94,162.28,348589.39,5206.8,11765.0
1222,2010-04-28,867.858,182.684,349228.55,3673.6,7851.299999999999
1223,2010-04-29,1103.724,173.714,348882.01,4602.4,9602.4
1224,2010-04-30,1118.628,208.394,348217.45,4785.0,8320.8
1225,2010-05-01,2219.78,148.936,352110.29,9139.8,18450.333333333336
1226,2010-05-02,2098.892,142.978,348395.42,8748.6,15597.533333333333
1227,2010-05-03,1133.726,135.416,350620.29,4703.4,11518.433333333334
1228,2010-05-04,1118.82,165.42,350863.41,4707.0,9953.0
1229,2010-05-05,1805.308,129.2,341733.05500000005,7725.8,12742.466666666667
1230,2010-05-06,2009.644,293.95599999999996,347184.55,8777.0,9086.066666666666
1231,2010-05-07,1113.99,233.846,347302.89,4797.2,9975.5
1232,2010-05-08,533.476,173.68,348277.52,2353.8,4361.266666666666
1233,2010-05-09,1323.018,187.01,348682.47,5707.8,10238.3
1234,2010-05-10,1854.624,212.642,345483.36,7807.8,15861.4
1235,2010-05-11,1736.088,180.498,351036.05,7276.8,15534.8
1236,2010-05-13,1552.496,153.884,349618.7,6443.8,11747.933333333334
1237,2010-05-14,1722.146,159.884,348576.81,7174.0,10559.433333333334
1238,2010-05-15,1944.772,232.944,348627.91,8221.4,15059.866666666663
1239,2010-05-16,2100.426,164.382,347002.06,8862.4,15836.1
1240,2010-05-17,1628.182,147.376,347558.79,6801.4,10411.366666666663
1241,2010-05-18,1421.184,149.652,347790.06,5930.4,11639.4
1242,2010-05-19,1426.752,151.254,347905.5,6013.8,11134.2
1243,2010-05-20,1153.898,139.14,349129.13,4831.6,8761.633333333335
1244,2010-05-21,1294.396,167.694,348133.03,5468.8,10006.266666666666
1245,2010-05-22,2095.772,212.698,344956.47,8865.4,12756.533333333333
1246,2010-05-23,1487.556,253.1,346594.1,6333.2,13971.6
1247,2010-05-24,1341.332,228.04,347090.54,5718.4,10267.533333333333
1248,2010-05-25,1198.626,203.866,345978.79,5171.0,8613.099999999999
1249,2010-05-26,1387.884,241.61,344942.2,6026.4,9187.4
1250,2010-05-27,1323.342,195.836,345486.17,5632.2,10011.7
1251,2010-05-28,1398.164,162.47,345656.99,5902.6,10253.733333333334
1252,2010-05-29,2049.808,205.612,345890.46,8698.4,13071.466666666667
1253,2010-05-30,1665.7,176.892,346272.5,7059.0,12672.666666666668
1254,2010-05-31,1340.462,145.874,346593.9,5721.2,7999.033333333333
1255,2010-06-01,1777.18,152.08,352163.81500000006,7361.4,13273.666666666668
1256,2010-06-02,2712.986,293.95599999999996,347172.58,11423.8,20826.43333333333
1257,2010-06-03,794.712,139.558,349965.01,3321.6,8856.2
1258,2010-06-04,1825.852,170.614,349551.52,7572.8,16187.866666666663
1259,2010-06-05,1299.25,118.704,341733.05500000005,5504.0,11073.166666666668
1260,2010-06-06,1746.792,291.186,347647.13,7615.0,9565.2
1261,2010-06-07,1005.934,192.292,346362.77,4328.2,7543.566666666666
1262,2010-06-08,524.746,164.584,346972.66,2309.2,4291.766666666666
1263,2010-06-09,1422.876,161.204,348252.12,6058.0,9844.6
1264,2010-06-10,1315.456,140.568,347437.8,5494.4,12326.266666666666
1265,2010-06-11,1805.408,193.958,343339.52,7697.0,16352.133333333337
1266,2010-06-13,1674.356,253.716,347332.21,7286.4,11371.933333333334
1267,2010-06-14,1217.984,178.64,347928.24,5203.8,8532.733333333334
1268,2010-06-15,1223.966,179.096,346900.75,5217.0,9767.433333333334
1269,2010-06-16,1768.092,183.078,346681.99,7464.6,12258.2
1270,2010-06-17,1028.018,168.268,346215.01,4393.4,8135.633333333335
1271,2010-06-18,1332.316,171.418,346353.71,5682.2,8797.266666666666
1272,2010-06-19,1416.22,210.808,348053.24,6068.4,9861.666666666668
1273,2010-06-20,1672.55,144.08,346043.28,7091.2,10322.833333333332
1274,2010-06-21,1660.89,169.68,346973.75,7124.6,9153.5
1275,2010-06-22,1520.588,209.434,346586.29,6597.6,8969.133333333335
1276,2010-06-23,1442.064,293.95599999999996,345597.96,6311.8,6606.4000000000015
1277,2010-06-24,1095.78,230.782,346765.66,4715.4,8317.0
1278,2010-06-25,1099.438,218.734,346363.99,4782.4,7168.966666666667
1279,2010-06-26,981.62,293.95599999999996,347752.6,4323.8,6279.333333333334
1280,2010-06-27,1139.964,293.95599999999996,345524.37,5018.8,7880.4000000000015
1281,2010-06-28,1471.34,280.888,346217.78,6296.4,11197.333333333332
1282,2010-06-29,1367.296,293.95599999999996,345848.94,5988.6,10801.266666666666
1283,2010-06-30,1384.136,238.588,346479.78,5895.0,16650.933333333334
1284,2010-07-01,1769.442,115.024,352163.81500000006,7300.4,15101.7
1285,2010-07-02,1625.708,162.466,349465.64,6806.6,14976.133333333337
1286,2010-07-03,1372.472,133.948,350714.51,5712.0,14521.533333333333
1287,2010-07-04,1596.982,184.526,348236.97,6689.4,10737.366666666663
1288,2010-07-05,1644.004,145.164,341994.09,6934.6,12413.066666666666
1289,2010-07-06,1012.082,184.11,348956.71,4367.4,7822.033333333333
1290,2010-07-07,834.788,209.536,346546.73,3667.2,6512.133333333333
1291,2010-07-08,527.476,168.026,347508.07,2330.0,4303.266666666666
1292,2010-07-09,1451.854,167.962,347436.23,6202.2,9517.566666666666
1293,2010-07-10,1809.954,180.096,347911.54,7614.2,14797.9
1294,2010-07-11,1673.816,174.976,343348.54,7151.0,19306.93333333333
1295,2010-07-13,1382.114,287.722,346312.5,6106.2,10042.233333333334
1296,2010-07-14,1409.472,248.48,346092.36,6135.2,14254.2
1297,2010-07-15,1633.162,192.324,345892.35,6889.2,15766.366666666663
1298,2010-07-16,820.056,196.728,347262.26,3581.4,9245.6
1299,2010-07-17,806.352,181.35,347305.26,3490.8,6804.200000000001
1300,2010-07-18,812.038,169.93,347688.29,3481.4,9092.966666666667
1301,2010-07-19,801.158,192.498,348263.36,3448.8,6698.633333333333
1302,2010-07-20,855.824,218.46,347974.54,3698.6,8526.733333333334
1303,2010-07-21,1064.166,244.246,348077.96,4615.0,8943.099999999999
1304,2010-07-22,1164.446,293.95599999999996,347313.29,5041.6,11652.433333333334
1305,2010-07-23,1176.158,285.28,345431.4,5073.6,8304.633333333335
1306,2010-07-24,921.668,285.854,346027.49,4012.0,9373.133333333331
1307,2010-07-25,1130.41,258.166,346002.45,4850.8,7559.166666666668
1308,2010-07-26,884.15,177.86,346950.19,3828.0,8342.833333333334
1309,2010-07-27,952.36,174.73,345067.34,4070.8,10400.666666666666
1310,2010-07-28,862.654,182.866,346041.01,3720.2,5800.566666666668
1311,2010-07-29,549.104,177.266,346153.73,2433.2,4456.733333333334
1312,2010-07-30,551.26,172.854,345670.68,2441.0,4566.666666666666
1313,2010-07-31,554.616,181.73,345140.43,2471.0,4423.6
1314,2010-08-01,1797.208,159.78,351942.93,7418.0,16428.466666666667
1315,2010-08-02,2582.238,139.75,348475.36,10666.8,21681.300000000003
1316,2010-08-03,2557.098,252.338,351035.4,10691.2,14788.300000000005
1317,2010-08-04,1649.22,165.142,348472.56,6853.0,13351.0
1318,2010-08-05,1533.422,173.222,348331.71,6458.8,9395.033333333333
1319,2010-08-06,1362.034,198.334,347150.67,5808.6,8992.566666666666
1320,2010-08-07,1212.652,246.894,346037.94,5226.4,9544.866666666663
1321,2010-08-08,528.46,168.092,346657.63,2337.8,4323.666666666666
1322,2010-08-09,1303.812,171.182,347016.97,5575.8,13756.2
1323,2010-08-10,1510.456,200.616,347014.36,6384.2,13573.266666666666
1324,2010-08-11,1825.54,145.656,342350.01,7737.4,15745.666666666668
1325,2010-08-13,534.294,165.538,347027.27,2353.8,4299.9
1326,2010-08-14,554.27,160.51,347278.86,2424.2,4254.833333333334
1327,2010-08-15,1055.986,206.77,348028.74,4552.4,7956.766666666666
1328,2010-08-16,1129.73,185.016,347150.82,4921.2,9507.833333333332
1329,2010-08-17,978.202,138.356,341733.05500000005,4155.4,9134.366666666669
1330,2010-08-22,93.338,50.212000000000046,341733.05500000005,612.4000000000015,1201.6333333333334
1331,2010-08-23,765.658,206.796,348545.41,3352.2,6089.966666666667
1332,2010-08-24,722.948,175.458,347915.75,3247.0,5796.133333333333
1333,2010-08-25,980.408,161.132,347207.48,4240.6,5890.133333333333
1334,2010-08-26,757.252,178.094,348211.89,3312.8,7004.866666666667
1335,2010-08-27,2030.65,293.95599999999996,346837.62,8631.4,12624.166666666664
1336,2010-08-28,1442.856,237.504,349294.84,6165.8,8429.599999999999
1337,2010-08-29,1668.48,191.694,347051.44,7110.4,11174.0
1338,2010-08-30,1494.802,180.656,347579.13,6310.8,10713.366666666663
1339,2010-08-31,1365.106,168.46,347317.04,5909.0,10971.766666666666
1340,2010-09-01,2336.9,199.4,351172.42,9696.2,16578.333333333336
1341,2010-09-02,2420.932,139.712,350136.53,9965.0,18955.86666666667
1342,2010-09-03,1760.112,168.078,350679.6,7316.2,17199.2
1343,2010-09-04,1233.35,162.482,349319.35,5141.6,8306.833333333332
1344,2010-09-05,1566.51,205.384,347617.91,6679.4,10639.5
1345,2010-09-06,1534.682,182.534,347308.9,6544.4,10280.033333333333
1346,2010-09-07,1083.478,293.95599999999996,346741.21,4785.4,12076.966666666667
1347,2010-09-08,535.064,171.492,347139.74,2359.4,4360.733333333334
1348,2010-09-09,1238.714,167.954,346468.63,5330.4,9688.233333333334
1349,2010-09-10,1611.78,254.02,345885.75,6827.0,11187.0
1350,2010-09-11,2022.098,154.67,342414.85,8619.8,18521.63333333333
1351,2010-09-13,1076.32,189.798,347263.59,4667.2,9129.666666666668
1352,2010-09-14,1430.678,197.004,346955.5,6101.8,8995.633333333335
1353,2010-09-15,986.094,219.558,347467.36,4252.6,9518.9
1354,2010-09-16,1339.738,171.35,346192.95,5665.0,10241.966666666667
1355,2010-09-17,1497.608,196.642,346773.42,6376.0,7783.133333333335
1356,2010-09-18,1247.946,161.978,347845.07,5273.8,7284.0999999999985
1357,2010-09-19,919.6,147.406,348064.28,3904.6,8863.666666666666
1358,2010-09-20,1682.832,195.214,347750.98,7179.8,10696.2
1359,2010-09-21,1111.376,179.714,346922.85,4768.6,9874.933333333334
1360,2010-09-22,1510.394,188.33,346543.24,6434.0,9766.233333333334
1361,2010-09-23,1449.862,164.938,346643.28,6088.0,10386.366666666663
1362,2010-09-24,1327.992,185.256,346447.76,5650.0,10955.2
1363,2010-09-25,106.006,50.212000000000046,341733.05500000005,612.4000000000015,720.7666666666667
1364,2010-09-28,470.426,50.212000000000046,341733.05500000005,1966.6,5813.433333333333
1365,2010-09-29,1684.426,139.41,347361.71,7026.0,12799.766666666666
1366,2010-09-30,1248.278,153.236,348923.22,5190.0,12045.633333333337
1367,2010-10-01,2508.466,227.17,351130.49,10406.0,22103.76666666667
1368,2010-10-02,1944.542,141.622,348885.64,8071.0,16000.033333333333
1369,2010-10-03,1822.632,130.298,350734.74,7483.6,13919.2
1370,2010-10-04,1190.208,179.52,347447.32,5020.2,8899.8
1371,2010-10-05,1467.892,144.298,347037.71,6134.6,11168.866666666663
1372,2010-10-06,1215.19,173.226,348040.0,5171.8,8909.166666666668
1373,2010-10-07,1154.504,281.282,345690.03,5054.8,8173.733333333334
1374,2010-10-08,544.758,181.808,348414.72,2397.4,4413.299999999999
1375,2010-10-09,1328.108,200.052,348218.21,5647.0,9742.133333333337
1376,2010-10-10,1998.904,293.95599999999996,346092.98,8522.2,18920.066666666666
1377,2010-10-11,1946.534,153.472,344282.07,8232.0,12250.233333333334
1378,2010-10-13,2073.886,172.644,346751.02,8662.8,15372.76666666667
1379,2010-10-14,2135.122,215.944,346900.63,9016.0,16322.366666666669
1380,2010-10-15,1596.324,201.54,346744.72,6751.2,14280.4
1381,2010-10-16,1000.014,167.938,348361.19,4228.0,8365.900000000001
1382,2010-10-17,1047.382,185.494,348877.19,4412.2,11114.366666666669
1383,2010-10-18,2713.884,261.184,348215.3,11380.8,16397.4
1384,2010-10-19,1925.978,219.57,348354.41,8140.4,17503.633333333335
1385,2010-10-20,1727.964,162.564,348837.3,7248.4,15625.4
1386,2010-10-21,1355.198,181.434,350600.29,5683.4,14383.633333333337
1387,2010-10-22,1668.892,148.522,349629.41,6887.8,13533.866666666663
1388,2010-10-23,2293.236,213.112,348830.69,9633.2,17135.6
1389,2010-10-24,2390.548,269.228,349708.14,10031.0,17082.466666666667
1390,2010-10-25,1163.292,159.328,349064.86,4884.8,12099.2
1391,2010-10-26,945.904,173.266,352163.81500000006,3960.6,8288.066666666668
1392,2010-10-27,1260.278,153.832,352163.81500000006,5217.0,10677.633333333337
1393,2010-10-28,1463.326,187.24,352163.81500000006,6048.2,11571.766666666666
1394,2010-10-29,1204.422,195.72,352163.81500000006,5057.2,14361.7
1395,2010-10-30,2152.7,195.32,350305.01,8969.8,17608.333333333336
1396,2010-10-31,1476.43,208.082,352163.81500000006,6098.6,16910.166666666668
1397,2010-11-01,1518.684,156.206,352163.81500000006,6242.6,13441.4
1398,2010-11-02,1369.768,124.15,352097.83,5626.6,12583.466666666667
1399,2010-11-03,1951.09,152.388,349461.28,8120.8,14421.166666666668
1400,2010-11-04,1602.81,175.008,347507.38,6815.0,11810.5
1401,2010-11-05,1571.368,152.3,349031.63,6543.0,13270.466666666667
1402,2010-11-06,1470.672,218.57,347692.74,6354.0,8876.2
1403,2010-11-07,1193.572,293.95599999999996,345274.49,5253.2,10669.866666666663
1404,2010-11-08,542.002,176.064,346381.73,2407.2,4373.366666666667
1405,2010-11-09,1463.31,235.63,348005.88,6209.2,13035.5
1406,2010-11-10,1622.59,268.53,345493.72,6941.4,12296.166666666668
1407,2010-11-11,1773.592,152.188,343769.34,7568.0,17660.866666666665
1408,2010-11-13,2023.174,162.18,344639.15,8524.2,18226.566666666666
1409,2010-11-14,2038.392,203.694,344562.91,8686.6,19322.2
1410,2010-11-15,1747.382,126.716,344950.91,7381.0,14908.033333333333
1411,2010-11-16,1509.748,133.598,347324.56,6341.2,16735.466666666667
1412,2010-11-17,1582.032,141.916,347691.23,6669.0,15808.2
1413,2010-11-18,1652.152,206.196,347064.12,7022.8,15422.866666666663
1414,2010-11-19,1570.4,122.928,345667.33,6593.0,13776.333333333332
1415,2010-11-20,2197.006,153.768,346476.0,9320.2,17869.76666666667
1416,2010-11-21,900.91,119.624,347299.48,3798.6,9731.166666666666
1417,2010-11-22,2041.536,142.354,345883.85,8660.4,16924.6
1418,2010-11-23,1577.536,137.45,346428.76,6731.2,16352.266666666666
1419,2010-11-24,1796.248,132.46,345644.59,7559.4,13769.466666666667
1420,2010-11-25,1431.164,116.128,347812.21,6004.0,17278.733333333334
1421,2010-11-26,1488.104,120.826,341733.05500000005,6259.8,13347.733333333334
1422,2010-12-01,1282.538,132.324,341733.05500000005,5336.8,7765.633333333335
1423,2010-12-02,1892.998,132.282,350821.86,7787.6,14785.966666666667
1424,2010-12-03,1645.424,148.71,349939.49,6800.0,11245.733333333334
1425,2010-12-04,1439.426,157.73,348489.28,5996.6,10770.433333333334
1426,2010-12-05,2035.418,159.798,348071.94,8482.0,12091.633333333331
1427,2010-12-06,1973.108,271.672,345869.16,8414.8,10339.133333333331
1428,2010-12-07,1109.574,285.912,345914.85,4892.0,9678.9
1429,2010-12-08,529.698,169.098,346744.7,2338.2,4332.299999999999
1430,2010-12-09,1612.092,201.358,347932.4,6848.2,14092.2
1431,2010-12-10,1579.692,170.268,345975.37,6741.2,14632.2
1432,2010-12-11,1836.822,151.144,343926.57,7826.2,17762.7
